,Date,Open,High,Low,Close
0,2012-06-18 04:00:00,10.039999961853027,10.039999961853027,10.039999961853027,10.039999961853027
1,2012-06-19 04:00:00,10.039999961853027,10.039999961853027,10.039999961853027,10.039999961853027
2,2012-06-20 04:00:00,10.039999961853027,10.039999961853027,10.039999961853027,10.039999961853027
3,2012-06-21 04:00:00,10.039999961853027,10.039999961853027,10.039999961853027,10.039999961853027
4,2012-06-22 04:00:00,10.039999961853027,10.039999961853027,10.039999961853027,10.039999961853027
5,2012-06-25 04:00:00,10.039999961853027,10.039999961853027,10.039999961853027,10.039999961853027
6,2012-06-26 04:00:00,10.039999961853027,10.039999961853027,10.039999961853027,10.039999961853027
7,2012-06-27 04:00:00,10.039999961853027,10.039999961853027,10.039999961853027,10.039999961853027
8,2012-06-28 04:00:00,10.039999961853027,10.039999961853027,10.039999961853027,10.039999961853027
9,2012-06-29 04:00:00,10.039999961853027,10.039999961853027,10.039999961853027,10.039999961853027
10,2012-07-02 04:00:00,10.039999961853027,10.039999961853027,10.039999961853027,10.039999961853027
11,2012-07-03 04:00:00,10.039999961853027,10.039999961853027,10.039999961853027,10.039999961853027
12,2012-07-05 04:00:00,10.039999961853027,10.039999961853027,10.039999961853027,10.039999961853027
13,2012-07-06 04:00:00,10.039999961853027,10.039999961853027,10.039999961853027,10.039999961853027
14,2012-07-09 04:00:00,10.039999961853027,10.039999961853027,10.039999961853027,10.039999961853027
15,2012-07-10 04:00:00,10.039999961853027,10.039999961853027,10.039999961853027,10.039999961853027
16,2012-07-11 04:00:00,10.039999961853027,10.039999961853027,10.039999961853027,10.039999961853027
17,2012-07-12 04:00:00,10.039999961853027,10.039999961853027,10.039999961853027,10.039999961853027
18,2012-07-13 04:00:00,10.039999961853027,10.039999961853027,10.039999961853027,10.039999961853027
19,2012-07-16 04:00:00,10.039999961853027,10.039999961853027,10.039999961853027,10.039999961853027
20,2012-07-17 04:00:00,10.039999961853027,10.039999961853027,10.039999961853027,10.039999961853027
21,2012-07-18 04:00:00,10.039999961853027,10.039999961853027,10.039999961853027,10.039999961853027
22,2012-07-19 04:00:00,10.039999961853027,10.039999961853027,10.039999961853027,10.039999961853027
23,2012-07-20 04:00:00,10.039999961853027,10.039999961853027,10.039999961853027,10.039999961853027
24,2012-07-23 04:00:00,10.039999961853027,10.039999961853027,10.039999961853027,10.039999961853027
25,2012-07-24 04:00:00,10.039999961853027,10.039999961853027,10.039999961853027,10.039999961853027
26,2012-07-25 04:00:00,10.039999961853027,10.039999961853027,10.039999961853027,10.039999961853027
27,2012-07-26 04:00:00,10.039999961853027,10.039999961853027,10.039999961853027,10.039999961853027
28,2012-07-27 04:00:00,10.039999961853027,10.039999961853027,10.039999961853027,10.039999961853027
29,2012-07-30 04:00:00,10.039999961853027,10.039999961853027,10.039999961853027,10.039999961853027
30,2012-07-31 04:00:00,10.039999961853027,10.039999961853027,10.039999961853027,10.039999961853027
31,2012-08-01 04:00:00,10.039999961853027,10.039999961853027,10.039999961853027,10.039999961853027
32,2012-08-02 04:00:00,10.039999961853027,10.039999961853027,10.039999961853027,10.039999961853027
33,2012-08-03 04:00:00,10.039999961853027,10.039999961853027,10.039999961853027,10.039999961853027
34,2012-08-06 04:00:00,10.039999961853027,10.039999961853027,10.039999961853027,10.039999961853027
35,2012-08-07 04:00:00,10.039999961853027,10.039999961853027,10.039999961853027,10.039999961853027
36,2012-08-08 04:00:00,10.039999961853027,10.039999961853027,10.039999961853027,10.039999961853027
37,2012-08-09 04:00:00,10.039999961853027,10.039999961853027,10.039999961853027,10.039999961853027
38,2012-08-10 04:00:00,10.039999961853027,10.039999961853027,10.039999961853027,10.039999961853027
39,2012-08-13 04:00:00,10.039999961853027,10.039999961853027,10.039999961853027,10.039999961853027
40,2012-08-14 04:00:00,10.039999961853027,10.039999961853027,10.039999961853027,10.039999961853027
41,2012-08-15 04:00:00,10.039999961853027,10.039999961853027,10.039999961853027,10.039999961853027
42,2012-08-16 04:00:00,10.039999961853027,10.039999961853027,10.039999961853027,10.039999961853027
43,2012-08-17 04:00:00,10.039999961853027,10.039999961853027,10.039999961853027,10.039999961853027
44,2012-08-20 04:00:00,10.039999961853027,10.039999961853027,10.039999961853027,10.039999961853027
45,2012-08-21 04:00:00,10.039999961853027,10.039999961853027,10.039999961853027,10.039999961853027
46,2012-08-22 04:00:00,10.039999961853027,10.039999961853027,10.039999961853027,10.039999961853027
47,2012-08-23 04:00:00,10.039999961853027,10.039999961853027,10.039999961853027,10.039999961853027
48,2012-08-24 04:00:00,10.039999961853027,10.039999961853027,10.039999961853027,10.039999961853027
49,2012-08-27 04:00:00,10.039999961853027,10.039999961853027,10.039999961853027,10.039999961853027
50,2012-08-28 04:00:00,10.039999961853027,10.039999961853027,10.039999961853027,10.039999961853027
51,2012-08-29 04:00:00,10.039999961853027,10.039999961853027,10.039999961853027,10.039999961853027
52,2012-08-30 04:00:00,10.039999961853027,10.039999961853027,10.039999961853027,10.039999961853027
53,2012-08-31 04:00:00,10.039999961853027,10.039999961853027,10.039999961853027,10.039999961853027
54,2012-09-04 04:00:00,10.039999961853027,10.039999961853027,10.039999961853027,10.039999961853027
55,2012-09-05 04:00:00,10.039999961853027,10.039999961853027,10.039999961853027,10.039999961853027
56,2012-09-06 04:00:00,10.039999961853027,10.039999961853027,10.039999961853027,10.039999961853027
57,2012-09-07 04:00:00,10.039999961853027,10.039999961853027,10.039999961853027,10.039999961853027
58,2012-09-10 04:00:00,10.039999961853027,10.039999961853027,10.039999961853027,10.039999961853027
59,2012-09-11 04:00:00,10.039999961853027,10.039999961853027,10.039999961853027,10.039999961853027
60,2012-09-12 04:00:00,10.039999961853027,10.039999961853027,10.039999961853027,10.039999961853027
61,2012-09-13 04:00:00,10.039999961853027,10.039999961853027,10.039999961853027,10.039999961853027
62,2012-09-14 04:00:00,10.039999961853027,10.039999961853027,10.039999961853027,10.039999961853027
63,2012-09-17 04:00:00,10.039999961853027,10.039999961853027,10.039999961853027,10.039999961853027
64,2012-09-18 04:00:00,10.039999961853027,10.039999961853027,10.039999961853027,10.039999961853027
65,2012-09-19 04:00:00,10.039999961853027,10.039999961853027,10.039999961853027,10.039999961853027
66,2012-09-20 04:00:00,10.039999961853027,10.039999961853027,10.039999961853027,10.039999961853027
67,2012-09-21 04:00:00,10.039999961853027,10.039999961853027,10.039999961853027,10.039999961853027
68,2012-09-24 04:00:00,10.039999961853027,10.039999961853027,10.039999961853027,10.039999961853027
69,2012-09-25 04:00:00,10.039999961853027,10.039999961853027,10.039999961853027,10.039999961853027
70,2012-09-26 04:00:00,10.039999961853027,10.039999961853027,10.039999961853027,10.039999961853027
71,2012-09-27 04:00:00,10.039999961853027,10.039999961853027,10.039999961853027,10.039999961853027
72,2012-09-28 04:00:00,10.039999961853027,10.039999961853027,10.039999961853027,10.039999961853027
73,2012-10-01 04:00:00,10.039999961853027,10.039999961853027,10.039999961853027,10.039999961853027
74,2012-10-02 04:00:00,10.039999961853027,10.039999961853027,10.039999961853027,10.039999961853027
75,2012-10-03 04:00:00,10.039999961853027,10.039999961853027,10.039999961853027,10.039999961853027
76,2012-10-04 04:00:00,10.039999961853027,10.039999961853027,10.039999961853027,10.039999961853027
77,2012-10-05 04:00:00,10.039999961853027,10.039999961853027,10.039999961853027,10.039999961853027
78,2012-10-08 04:00:00,10.039999961853027,10.039999961853027,10.039999961853027,10.039999961853027
79,2012-10-09 04:00:00,10.039999961853027,10.039999961853027,10.039999961853027,10.039999961853027
80,2012-10-10 04:00:00,10.039999961853027,10.039999961853027,10.039999961853027,10.039999961853027
81,2012-10-11 04:00:00,10.039999961853027,10.039999961853027,10.039999961853027,10.039999961853027
82,2012-10-12 04:00:00,10.039999961853027,10.039999961853027,10.039999961853027,10.039999961853027
83,2012-10-15 04:00:00,10.039999961853027,10.039999961853027,10.039999961853027,10.039999961853027
84,2012-10-16 04:00:00,10.039999961853027,10.039999961853027,10.039999961853027,10.039999961853027
85,2012-10-17 04:00:00,10.039999961853027,10.039999961853027,10.039999961853027,10.039999961853027
86,2012-10-18 04:00:00,10.039999961853027,10.039999961853027,10.039999961853027,10.039999961853027
87,2012-10-19 04:00:00,10.039999961853027,10.039999961853027,10.039999961853027,10.039999961853027
88,2012-10-22 04:00:00,10.039999961853027,10.039999961853027,10.039999961853027,10.039999961853027
89,2012-10-23 04:00:00,10.039999961853027,10.039999961853027,10.039999961853027,10.039999961853027
90,2012-10-24 04:00:00,10.039999961853027,10.039999961853027,10.039999961853027,10.039999961853027
91,2012-10-25 04:00:00,10.039999961853027,10.039999961853027,10.039999961853027,10.039999961853027
92,2012-10-26 04:00:00,10.039999961853027,10.039999961853027,10.039999961853027,10.039999961853027
93,2012-10-31 04:00:00,10.039999961853027,10.039999961853027,10.039999961853027,10.039999961853027
94,2012-11-01 04:00:00,10.039999961853027,10.039999961853027,10.039999961853027,10.039999961853027
95,2012-11-02 04:00:00,10.039999961853027,10.039999961853027,10.039999961853027,10.039999961853027
96,2012-11-05 05:00:00,10.039999961853027,10.039999961853027,10.039999961853027,10.039999961853027
97,2012-11-06 05:00:00,10.039999961853027,10.039999961853027,10.039999961853027,10.039999961853027
98,2012-11-07 05:00:00,10.039999961853027,10.039999961853027,10.039999961853027,10.039999961853027
99,2012-11-08 05:00:00,10.039999961853027,10.039999961853027,10.039999961853027,10.039999961853027
100,2012-11-09 05:00:00,10.039999961853027,10.039999961853027,10.039999961853027,10.039999961853027
101,2012-11-12 05:00:00,10.039999961853027,10.039999961853027,10.039999961853027,10.039999961853027
102,2012-11-13 05:00:00,10.039999961853027,10.039999961853027,10.039999961853027,10.039999961853027
103,2012-11-14 05:00:00,10.039999961853027,10.039999961853027,10.039999961853027,10.039999961853027
104,2012-11-15 05:00:00,10.039999961853027,10.039999961853027,10.039999961853027,10.039999961853027
105,2012-11-16 05:00:00,10.039999961853027,10.039999961853027,10.039999961853027,10.039999961853027
106,2012-11-19 05:00:00,10.039999961853027,10.039999961853027,10.039999961853027,10.039999961853027
107,2012-11-20 05:00:00,10.039999961853027,10.039999961853027,10.039999961853027,10.039999961853027
108,2012-11-21 05:00:00,10.039999961853027,10.039999961853027,10.039999961853027,10.039999961853027
109,2012-11-23 05:00:00,10.039999961853027,10.039999961853027,10.039999961853027,10.039999961853027
110,2012-11-26 05:00:00,10.039999961853027,10.039999961853027,10.039999961853027,10.039999961853027
111,2012-11-27 05:00:00,10.039999961853027,10.039999961853027,10.039999961853027,10.039999961853027
112,2012-11-28 05:00:00,10.039999961853027,10.039999961853027,10.039999961853027,10.039999961853027
113,2012-11-29 05:00:00,10.039999961853027,10.039999961853027,10.039999961853027,10.039999961853027
114,2012-11-30 05:00:00,10.039999961853027,10.039999961853027,10.039999961853027,10.039999961853027
115,2012-12-03 05:00:00,10.039999961853027,10.039999961853027,10.039999961853027,10.039999961853027
116,2012-12-04 05:00:00,10.039999961853027,10.039999961853027,10.039999961853027,10.039999961853027
117,2012-12-05 05:00:00,10.039999961853027,10.039999961853027,10.039999961853027,10.039999961853027
118,2012-12-06 05:00:00,10.039999961853027,10.039999961853027,10.039999961853027,10.039999961853027
119,2012-12-07 05:00:00,10.039999961853027,10.039999961853027,10.039999961853027,10.039999961853027
120,2012-12-10 05:00:00,10.039999961853027,10.039999961853027,10.039999961853027,10.039999961853027
121,2012-12-11 05:00:00,10.039999961853027,10.039999961853027,10.039999961853027,10.039999961853027
122,2012-12-12 05:00:00,10.039999961853027,10.039999961853027,10.039999961853027,10.039999961853027
123,2012-12-13 05:00:00,10.039999961853027,10.039999961853027,10.039999961853027,10.039999961853027
124,2012-12-14 05:00:00,10.039999961853027,10.039999961853027,10.039999961853027,10.039999961853027
125,2012-12-17 05:00:00,10.039999961853027,10.039999961853027,10.039999961853027,10.039999961853027
126,2012-12-18 05:00:00,10.039999961853027,10.039999961853027,10.039999961853027,10.039999961853027
127,2012-12-19 05:00:00,10.039999961853027,10.039999961853027,10.039999961853027,10.039999961853027
128,2012-12-20 05:00:00,10.039999961853027,10.039999961853027,10.039999961853027,10.039999961853027
129,2012-12-21 05:00:00,10.039999961853027,10.039999961853027,10.039999961853027,10.039999961853027
130,2012-12-24 05:00:00,10.039999961853027,10.039999961853027,10.039999961853027,10.039999961853027
131,2012-12-26 05:00:00,10.039999961853027,10.039999961853027,10.039999961853027,10.039999961853027
132,2012-12-27 05:00:00,10.039999961853027,10.039999961853027,10.039999961853027,10.039999961853027
133,2012-12-28 05:00:00,10.039999961853027,10.039999961853027,10.039999961853027,10.039999961853027
134,2012-12-31 05:00:00,10.039999961853027,10.039999961853027,10.039999961853027,10.039999961853027
135,2013-01-02 05:00:00,10.039999961853027,10.039999961853027,10.039999961853027,10.039999961853027
136,2013-01-03 05:00:00,10.039999961853027,10.039999961853027,10.039999961853027,10.039999961853027
137,2013-01-04 05:00:00,10.039999961853027,10.039999961853027,10.039999961853027,10.039999961853027
138,2013-01-07 05:00:00,10.039999961853027,10.039999961853027,10.039999961853027,10.039999961853027
139,2013-01-08 05:00:00,10.039999961853027,10.039999961853027,10.039999961853027,10.039999961853027
140,2013-01-09 05:00:00,10.039999961853027,10.039999961853027,10.039999961853027,10.039999961853027
141,2013-01-10 05:00:00,10.039999961853027,10.039999961853027,10.039999961853027,10.039999961853027
142,2013-01-11 05:00:00,10.039999961853027,10.039999961853027,10.039999961853027,10.039999961853027
143,2013-01-14 05:00:00,10.039999961853027,10.039999961853027,10.039999961853027,10.039999961853027
144,2013-01-15 05:00:00,10.039999961853027,10.039999961853027,10.039999961853027,10.039999961853027
145,2013-01-16 05:00:00,10.039999961853027,10.039999961853027,10.039999961853027,10.039999961853027
146,2013-01-17 05:00:00,10.039999961853027,10.039999961853027,10.039999961853027,10.039999961853027
147,2013-01-18 05:00:00,10.039999961853027,10.039999961853027,10.039999961853027,10.039999961853027
148,2013-01-22 05:00:00,10.039999961853027,10.039999961853027,10.039999961853027,10.039999961853027
149,2013-01-23 05:00:00,10.039999961853027,10.039999961853027,10.039999961853027,10.039999961853027
150,2013-01-24 05:00:00,10.039999961853027,10.039999961853027,10.039999961853027,10.039999961853027
151,2013-01-25 05:00:00,10.039999961853027,10.039999961853027,10.039999961853027,10.039999961853027
152,2013-01-28 05:00:00,10.039999961853027,10.039999961853027,10.039999961853027,10.039999961853027
153,2013-01-29 05:00:00,10.039999961853027,10.039999961853027,10.039999961853027,10.039999961853027
154,2013-01-30 05:00:00,10.039999961853027,10.039999961853027,10.039999961853027,10.039999961853027
155,2013-01-31 05:00:00,10.039999961853027,10.039999961853027,10.039999961853027,10.039999961853027
156,2013-02-01 05:00:00,10.039999961853027,10.039999961853027,10.039999961853027,10.039999961853027
157,2013-02-04 05:00:00,10.039999961853027,10.039999961853027,10.039999961853027,10.039999961853027
158,2013-02-05 05:00:00,10.039999961853027,10.039999961853027,10.039999961853027,10.039999961853027
159,2013-02-06 05:00:00,10.039999961853027,10.039999961853027,10.039999961853027,10.039999961853027
160,2013-02-07 05:00:00,10.039999961853027,10.039999961853027,10.039999961853027,10.039999961853027
161,2013-02-08 05:00:00,10.039999961853027,10.039999961853027,10.039999961853027,10.039999961853027
162,2013-02-11 05:00:00,10.039999961853027,10.039999961853027,10.039999961853027,10.039999961853027
163,2013-02-12 05:00:00,10.039999961853027,10.039999961853027,10.039999961853027,10.039999961853027
164,2013-02-13 05:00:00,10.039999961853027,10.039999961853027,10.039999961853027,10.039999961853027
165,2013-02-14 05:00:00,10.039999961853027,10.039999961853027,10.039999961853027,10.039999961853027
166,2013-02-15 05:00:00,10.039999961853027,10.039999961853027,10.039999961853027,10.039999961853027
167,2013-02-19 05:00:00,10.039999961853027,10.039999961853027,10.039999961853027,10.039999961853027
168,2013-02-20 05:00:00,10.039999961853027,10.039999961853027,10.039999961853027,10.039999961853027
169,2013-02-21 05:00:00,10.039999961853027,10.039999961853027,10.039999961853027,10.039999961853027
170,2013-02-22 05:00:00,10.039999961853027,10.039999961853027,10.039999961853027,10.039999961853027
171,2013-02-25 05:00:00,10.039999961853027,10.039999961853027,10.039999961853027,10.039999961853027
172,2013-02-26 05:00:00,10.039999961853027,10.039999961853027,10.039999961853027,10.039999961853027
173,2013-02-27 05:00:00,10.039999961853027,10.039999961853027,10.039999961853027,10.039999961853027
174,2013-02-28 05:00:00,10.039999961853027,10.039999961853027,10.039999961853027,10.039999961853027
175,2013-03-01 05:00:00,10.039999961853027,10.039999961853027,10.039999961853027,10.039999961853027
176,2013-03-04 05:00:00,10.039999961853027,10.039999961853027,10.039999961853027,10.039999961853027
177,2013-03-05 05:00:00,10.039999961853027,10.039999961853027,10.039999961853027,10.039999961853027
178,2013-03-06 05:00:00,10.039999961853027,10.039999961853027,10.039999961853027,10.039999961853027
179,2013-03-07 05:00:00,10.039999961853027,10.039999961853027,10.039999961853027,10.039999961853027
180,2013-03-08 05:00:00,10.039999961853027,10.039999961853027,10.039999961853027,10.039999961853027
181,2013-03-11 04:00:00,10.039999961853027,10.039999961853027,10.039999961853027,10.039999961853027
182,2013-03-12 04:00:00,10.039999961853027,10.039999961853027,10.039999961853027,10.039999961853027
183,2013-03-13 04:00:00,10.039999961853027,10.039999961853027,10.039999961853027,10.039999961853027
184,2013-03-14 04:00:00,10.039999961853027,10.039999961853027,10.039999961853027,10.039999961853027
185,2013-03-15 04:00:00,10.039999961853027,10.039999961853027,10.039999961853027,10.039999961853027
186,2013-03-18 04:00:00,10.039999961853027,10.039999961853027,10.039999961853027,10.039999961853027
187,2013-03-19 04:00:00,10.039999961853027,10.039999961853027,10.039999961853027,10.039999961853027
188,2013-03-20 04:00:00,10.039999961853027,10.039999961853027,10.039999961853027,10.039999961853027
189,2013-03-21 04:00:00,10.039999961853027,10.039999961853027,10.039999961853027,10.039999961853027
190,2013-03-22 04:00:00,10.039999961853027,10.039999961853027,10.039999961853027,10.039999961853027
191,2013-03-25 04:00:00,10.039999961853027,10.039999961853027,10.039999961853027,10.039999961853027
192,2013-03-26 04:00:00,10.039999961853027,10.039999961853027,10.039999961853027,10.039999961853027
193,2013-03-27 04:00:00,10.039999961853027,10.039999961853027,10.039999961853027,10.039999961853027
194,2013-03-28 04:00:00,10.039999961853027,10.039999961853027,10.039999961853027,10.039999961853027
195,2013-04-01 04:00:00,10.039999961853027,10.039999961853027,10.039999961853027,10.039999961853027
196,2013-04-02 04:00:00,10.039999961853027,10.039999961853027,10.039999961853027,10.039999961853027
197,2013-04-03 04:00:00,10.039999961853027,10.039999961853027,10.039999961853027,10.039999961853027
198,2013-04-04 04:00:00,10.039999961853027,10.039999961853027,10.039999961853027,10.039999961853027
199,2013-04-05 04:00:00,10.039999961853027,10.039999961853027,10.039999961853027,10.039999961853027
200,2013-04-08 04:00:00,10.039999961853027,10.039999961853027,10.039999961853027,10.039999961853027
201,2013-04-09 04:00:00,10.039999961853027,10.039999961853027,10.039999961853027,10.039999961853027
202,2013-04-10 04:00:00,10.039999961853027,10.039999961853027,10.039999961853027,10.039999961853027
203,2013-04-11 04:00:00,10.039999961853027,10.039999961853027,10.039999961853027,10.039999961853027
204,2013-04-12 04:00:00,10.039999961853027,10.039999961853027,10.039999961853027,10.039999961853027
205,2013-04-15 04:00:00,10.039999961853027,10.039999961853027,10.039999961853027,10.039999961853027
206,2013-04-16 04:00:00,10.039999961853027,10.039999961853027,10.039999961853027,10.039999961853027
207,2013-04-17 04:00:00,10.039999961853027,10.039999961853027,10.039999961853027,10.039999961853027
208,2013-04-18 04:00:00,10.039999961853027,10.039999961853027,10.039999961853027,10.039999961853027
209,2013-04-19 04:00:00,10.039999961853027,10.039999961853027,10.039999961853027,10.039999961853027
210,2013-04-22 04:00:00,10.039999961853027,10.039999961853027,10.039999961853027,10.039999961853027
211,2013-04-23 04:00:00,10.039999961853027,10.039999961853027,10.039999961853027,10.039999961853027
212,2013-04-24 04:00:00,10.039999961853027,10.039999961853027,10.039999961853027,10.039999961853027
213,2013-04-25 04:00:00,10.039999961853027,10.039999961853027,10.039999961853027,10.039999961853027
214,2013-04-26 04:00:00,10.039999961853027,10.039999961853027,10.039999961853027,10.039999961853027
215,2013-04-29 04:00:00,10.039999961853027,10.039999961853027,10.039999961853027,10.039999961853027
216,2013-04-30 04:00:00,10.039999961853027,10.039999961853027,10.039999961853027,10.039999961853027
217,2013-05-01 04:00:00,10.039999961853027,10.039999961853027,10.039999961853027,10.039999961853027
218,2013-05-02 04:00:00,10.039999961853027,10.039999961853027,10.039999961853027,10.039999961853027
219,2013-05-03 04:00:00,10.039999961853027,10.039999961853027,10.039999961853027,10.039999961853027
220,2013-05-06 04:00:00,10.039999961853027,10.039999961853027,10.039999961853027,10.039999961853027
221,2013-05-07 04:00:00,10.039999961853027,10.039999961853027,10.039999961853027,10.039999961853027
222,2013-05-08 04:00:00,10.039999961853027,10.039999961853027,10.039999961853027,10.039999961853027
223,2013-05-09 04:00:00,10.039999961853027,10.039999961853027,10.039999961853027,10.039999961853027
224,2013-05-10 04:00:00,10.039999961853027,10.039999961853027,10.039999961853027,10.039999961853027
225,2013-05-13 04:00:00,10.039999961853027,10.039999961853027,10.039999961853027,10.039999961853027
226,2013-05-14 04:00:00,10.039999961853027,10.039999961853027,10.039999961853027,10.039999961853027
227,2013-05-15 04:00:00,10.039999961853027,10.039999961853027,10.039999961853027,10.039999961853027
228,2013-05-16 04:00:00,10.039999961853027,10.039999961853027,10.039999961853027,10.039999961853027
229,2013-05-17 04:00:00,10.039999961853027,10.039999961853027,10.039999961853027,10.039999961853027
230,2013-05-20 04:00:00,10.039999961853027,10.039999961853027,10.039999961853027,10.039999961853027
231,2013-05-21 04:00:00,10.039999961853027,10.039999961853027,10.039999961853027,10.039999961853027
232,2013-05-22 04:00:00,10.039999961853027,10.039999961853027,10.039999961853027,10.039999961853027
233,2013-05-23 04:00:00,10.039999961853027,10.039999961853027,10.039999961853027,10.039999961853027
234,2013-05-24 04:00:00,10.039999961853027,10.039999961853027,10.039999961853027,10.039999961853027
235,2013-05-28 04:00:00,10.039999961853027,10.039999961853027,10.039999961853027,10.039999961853027
236,2013-05-29 04:00:00,10.039999961853027,10.039999961853027,10.039999961853027,10.039999961853027
237,2013-05-30 04:00:00,10.039999961853027,10.039999961853027,10.039999961853027,10.039999961853027
238,2013-05-31 04:00:00,10.039999961853027,10.039999961853027,10.039999961853027,10.039999961853027
239,2013-06-03 04:00:00,10.039999961853027,10.039999961853027,10.039999961853027,10.039999961853027
240,2013-06-04 04:00:00,10.039999961853027,10.039999961853027,10.039999961853027,10.039999961853027
241,2013-06-05 04:00:00,10.039999961853027,10.039999961853027,10.039999961853027,10.039999961853027
242,2013-06-06 04:00:00,10.039999961853027,10.039999961853027,10.039999961853027,10.039999961853027
243,2013-06-07 04:00:00,10.039999961853027,10.039999961853027,10.039999961853027,10.039999961853027
244,2013-06-10 04:00:00,10.039999961853027,10.039999961853027,10.039999961853027,10.039999961853027
245,2013-06-11 04:00:00,10.039999961853027,10.039999961853027,10.039999961853027,10.039999961853027
246,2013-06-12 04:00:00,10.039999961853027,10.039999961853027,10.039999961853027,10.039999961853027
247,2013-06-13 04:00:00,10.039999961853027,10.039999961853027,10.039999961853027,10.039999961853027
248,2013-06-14 04:00:00,10.039999961853027,10.039999961853027,10.039999961853027,10.039999961853027
249,2013-06-17 04:00:00,10.039999961853027,10.039999961853027,10.039999961853027,10.039999961853027
250,2013-06-18 04:00:00,10.039999961853027,10.039999961853027,10.039999961853027,10.039999961853027
251,2013-06-19 04:00:00,10.039999961853027,10.039999961853027,10.039999961853027,10.039999961853027
252,2013-06-20 04:00:00,10.039999961853027,10.039999961853027,10.039999961853027,10.039999961853027
253,2013-06-21 04:00:00,10.039999961853027,10.039999961853027,10.039999961853027,10.039999961853027
254,2013-06-24 04:00:00,10.039999961853027,10.039999961853027,10.039999961853027,10.039999961853027
255,2013-06-25 04:00:00,10.039999961853027,10.039999961853027,10.039999961853027,10.039999961853027
256,2013-06-26 04:00:00,10.039999961853027,10.039999961853027,10.039999961853027,10.039999961853027
257,2013-06-27 04:00:00,10.039999961853027,10.039999961853027,10.039999961853027,10.039999961853027
258,2013-06-28 04:00:00,10.039999961853027,10.039999961853027,10.039999961853027,10.039999961853027
259,2013-07-01 04:00:00,10.039999961853027,10.039999961853027,10.039999961853027,10.039999961853027
260,2013-07-02 04:00:00,10.039999961853027,10.039999961853027,10.039999961853027,10.039999961853027
261,2013-07-03 04:00:00,10.039999961853027,10.039999961853027,10.039999961853027,10.039999961853027
262,2013-07-05 04:00:00,10.039999961853027,10.039999961853027,10.039999961853027,10.039999961853027
263,2013-07-08 04:00:00,10.039999961853027,10.039999961853027,10.039999961853027,10.039999961853027
264,2013-07-09 04:00:00,10.039999961853027,10.039999961853027,10.039999961853027,10.039999961853027
265,2013-07-10 04:00:00,10.039999961853027,10.039999961853027,10.039999961853027,10.039999961853027
266,2013-07-11 04:00:00,10.039999961853027,10.039999961853027,10.039999961853027,10.039999961853027
267,2013-07-12 04:00:00,10.039999961853027,10.039999961853027,10.039999961853027,10.039999961853027
268,2013-07-15 04:00:00,10.039999961853027,10.039999961853027,10.039999961853027,10.039999961853027
269,2013-07-16 04:00:00,10.039999961853027,10.039999961853027,10.039999961853027,10.039999961853027
270,2013-07-17 04:00:00,10.039999961853027,10.039999961853027,10.039999961853027,10.039999961853027
271,2013-07-18 04:00:00,10.039999961853027,10.039999961853027,10.039999961853027,10.039999961853027
272,2013-07-19 04:00:00,10.039999961853027,10.039999961853027,10.039999961853027,10.039999961853027
273,2013-07-22 04:00:00,10.039999961853027,10.039999961853027,10.039999961853027,10.039999961853027
274,2013-07-23 04:00:00,10.039999961853027,10.039999961853027,10.039999961853027,10.039999961853027
275,2013-07-24 04:00:00,10.039999961853027,10.039999961853027,10.039999961853027,10.039999961853027
276,2013-07-25 04:00:00,10.039999961853027,10.039999961853027,10.039999961853027,10.039999961853027
277,2013-07-26 04:00:00,10.039999961853027,10.039999961853027,10.039999961853027,10.039999961853027
278,2013-07-29 04:00:00,10.039999961853027,10.039999961853027,10.039999961853027,10.039999961853027
279,2013-07-30 04:00:00,10.039999961853027,10.039999961853027,10.039999961853027,10.039999961853027
280,2013-07-31 04:00:00,10.039999961853027,10.039999961853027,10.039999961853027,10.039999961853027
281,2013-08-01 04:00:00,10.039999961853027,10.039999961853027,10.039999961853027,10.039999961853027
282,2013-08-02 04:00:00,10.039999961853027,10.039999961853027,10.039999961853027,10.039999961853027
283,2013-08-05 04:00:00,10.039999961853027,10.039999961853027,10.039999961853027,10.039999961853027
284,2013-08-06 04:00:00,10.039999961853027,10.039999961853027,10.039999961853027,10.039999961853027
285,2013-08-07 04:00:00,10.039999961853027,10.039999961853027,10.039999961853027,10.039999961853027
286,2013-08-08 04:00:00,10.039999961853027,10.039999961853027,10.039999961853027,10.039999961853027
287,2013-08-09 04:00:00,10.039999961853027,10.039999961853027,10.039999961853027,10.039999961853027
288,2013-08-12 04:00:00,10.039999961853027,10.039999961853027,10.039999961853027,10.039999961853027
289,2013-08-13 04:00:00,10.039999961853027,10.039999961853027,10.039999961853027,10.039999961853027
290,2013-08-14 04:00:00,10.039999961853027,10.039999961853027,10.039999961853027,10.039999961853027
291,2013-08-15 04:00:00,10.039999961853027,10.039999961853027,10.039999961853027,10.039999961853027
292,2013-08-16 04:00:00,10.039999961853027,10.039999961853027,10.039999961853027,10.039999961853027
293,2013-08-19 04:00:00,10.039999961853027,10.039999961853027,10.039999961853027,10.039999961853027
294,2013-08-20 04:00:00,10.039999961853027,10.039999961853027,10.039999961853027,10.039999961853027
295,2013-08-21 04:00:00,10.039999961853027,10.039999961853027,10.039999961853027,10.039999961853027
296,2013-08-22 04:00:00,10.039999961853027,10.039999961853027,10.039999961853027,10.039999961853027
297,2013-08-23 04:00:00,10.039999961853027,10.039999961853027,10.039999961853027,10.039999961853027
298,2013-08-26 04:00:00,10.039999961853027,10.039999961853027,10.039999961853027,10.039999961853027
299,2013-08-27 04:00:00,10.039999961853027,10.039999961853027,10.039999961853027,10.039999961853027
300,2013-08-28 04:00:00,10.039999961853027,10.039999961853027,10.039999961853027,10.039999961853027
301,2013-08-29 04:00:00,10.039999961853027,10.039999961853027,10.039999961853027,10.039999961853027
302,2013-08-30 04:00:00,10.039999961853027,10.039999961853027,10.039999961853027,10.039999961853027
303,2013-09-03 04:00:00,10.039999961853027,10.039999961853027,10.039999961853027,10.039999961853027
304,2013-09-04 04:00:00,10.039999961853027,10.039999961853027,10.039999961853027,10.039999961853027
305,2013-09-05 04:00:00,10.039999961853027,10.039999961853027,10.039999961853027,10.039999961853027
306,2013-09-06 04:00:00,10.039999961853027,10.039999961853027,10.039999961853027,10.039999961853027
307,2013-09-09 04:00:00,10.039999961853027,10.039999961853027,10.039999961853027,10.039999961853027
308,2013-09-10 04:00:00,10.039999961853027,10.039999961853027,10.039999961853027,10.039999961853027
309,2013-09-11 04:00:00,10.039999961853027,10.039999961853027,10.039999961853027,10.039999961853027
310,2013-09-12 04:00:00,10.039999961853027,10.039999961853027,10.039999961853027,10.039999961853027
311,2013-09-13 04:00:00,10.039999961853027,10.039999961853027,10.039999961853027,10.039999961853027
312,2013-09-16 04:00:00,10.039999961853027,10.039999961853027,10.039999961853027,10.039999961853027
313,2013-09-17 04:00:00,10.039999961853027,10.039999961853027,10.039999961853027,10.039999961853027
314,2013-09-18 04:00:00,10.039999961853027,10.039999961853027,10.039999961853027,10.039999961853027
315,2013-09-19 04:00:00,10.039999961853027,10.039999961853027,10.039999961853027,10.039999961853027
316,2013-09-20 04:00:00,10.039999961853027,10.039999961853027,10.039999961853027,10.039999961853027
317,2013-09-23 04:00:00,10.039999961853027,10.039999961853027,10.039999961853027,10.039999961853027
318,2013-09-24 04:00:00,10.039999961853027,10.039999961853027,10.039999961853027,10.039999961853027
319,2013-09-25 04:00:00,10.039999961853027,10.039999961853027,10.039999961853027,10.039999961853027
320,2013-09-26 04:00:00,10.039999961853027,10.039999961853027,10.039999961853027,10.039999961853027
321,2013-09-27 04:00:00,10.039999961853027,10.039999961853027,10.039999961853027,10.039999961853027
322,2013-09-30 04:00:00,10.039999961853027,10.039999961853027,10.039999961853027,10.039999961853027
323,2013-10-01 04:00:00,10.039999961853027,10.039999961853027,10.039999961853027,10.039999961853027
324,2013-10-02 04:00:00,10.039999961853027,10.039999961853027,10.039999961853027,10.039999961853027
325,2013-10-03 04:00:00,10.039999961853027,10.039999961853027,10.039999961853027,10.039999961853027
326,2013-10-04 04:00:00,10.039999961853027,10.039999961853027,10.039999961853027,10.039999961853027
327,2013-10-07 04:00:00,10.039999961853027,10.039999961853027,10.039999961853027,10.039999961853027
328,2013-10-08 04:00:00,10.039999961853027,10.039999961853027,10.039999961853027,10.039999961853027
329,2013-10-09 04:00:00,10.039999961853027,10.039999961853027,10.039999961853027,10.039999961853027
330,2013-10-10 04:00:00,10.039999961853027,10.039999961853027,10.039999961853027,10.039999961853027
331,2013-10-11 04:00:00,10.039999961853027,10.039999961853027,10.039999961853027,10.039999961853027
332,2013-10-14 04:00:00,10.039999961853027,10.039999961853027,10.039999961853027,10.039999961853027
333,2013-10-15 04:00:00,10.039999961853027,10.039999961853027,10.039999961853027,10.039999961853027
334,2013-10-16 04:00:00,10.039999961853027,10.039999961853027,10.039999961853027,10.039999961853027
335,2013-10-17 04:00:00,10.039999961853027,10.039999961853027,10.039999961853027,10.039999961853027
336,2013-10-18 04:00:00,10.039999961853027,10.039999961853027,10.039999961853027,10.039999961853027
337,2013-10-21 04:00:00,10.039999961853027,10.039999961853027,10.039999961853027,10.039999961853027
338,2013-10-22 04:00:00,10.039999961853027,10.039999961853027,10.039999961853027,10.039999961853027
339,2013-10-23 04:00:00,10.039999961853027,10.039999961853027,10.039999961853027,10.039999961853027
340,2013-10-24 04:00:00,10.039999961853027,10.039999961853027,10.039999961853027,10.039999961853027
341,2013-10-25 04:00:00,10.039999961853027,10.039999961853027,10.039999961853027,10.039999961853027
342,2013-10-28 04:00:00,10.039999961853027,10.039999961853027,10.039999961853027,10.039999961853027
343,2013-10-29 04:00:00,10.039999961853027,10.039999961853027,10.039999961853027,10.039999961853027
344,2013-10-30 04:00:00,10.039999961853027,10.039999961853027,10.039999961853027,10.039999961853027
345,2013-10-31 04:00:00,10.039999961853027,10.039999961853027,10.039999961853027,10.039999961853027
346,2013-11-01 04:00:00,10.039999961853027,10.039999961853027,10.039999961853027,10.039999961853027
347,2013-11-04 05:00:00,10.039999961853027,10.039999961853027,10.039999961853027,10.039999961853027
348,2013-11-05 05:00:00,10.039999961853027,10.039999961853027,10.039999961853027,10.039999961853027
349,2013-11-06 05:00:00,10.039999961853027,10.039999961853027,10.039999961853027,10.039999961853027
350,2013-11-07 05:00:00,10.039999961853027,10.039999961853027,10.039999961853027,10.039999961853027
351,2013-11-08 05:00:00,10.039999961853027,10.039999961853027,10.039999961853027,10.039999961853027
352,2013-11-11 05:00:00,10.039999961853027,10.039999961853027,10.039999961853027,10.039999961853027
353,2013-11-12 05:00:00,10.039999961853027,10.039999961853027,10.039999961853027,10.039999961853027
354,2013-11-13 05:00:00,10.039999961853027,10.039999961853027,10.039999961853027,10.039999961853027
355,2013-11-14 05:00:00,10.039999961853027,10.039999961853027,10.039999961853027,10.039999961853027
356,2013-11-15 05:00:00,10.039999961853027,10.039999961853027,10.039999961853027,10.039999961853027
357,2013-11-18 05:00:00,10.039999961853027,10.039999961853027,10.039999961853027,10.039999961853027
358,2013-11-19 05:00:00,10.039999961853027,10.039999961853027,10.039999961853027,10.039999961853027
359,2013-11-20 05:00:00,10.039999961853027,10.039999961853027,10.039999961853027,10.039999961853027
360,2013-11-21 05:00:00,10.039999961853027,10.039999961853027,10.039999961853027,10.039999961853027
361,2013-11-22 05:00:00,10.039999961853027,10.039999961853027,10.039999961853027,10.039999961853027
362,2013-11-25 05:00:00,10.039999961853027,10.039999961853027,10.039999961853027,10.039999961853027
363,2013-11-26 05:00:00,10.039999961853027,10.039999961853027,10.039999961853027,10.039999961853027
364,2013-11-27 05:00:00,10.039999961853027,10.039999961853027,10.039999961853027,10.039999961853027
365,2013-11-29 05:00:00,10.039999961853027,10.039999961853027,10.039999961853027,10.039999961853027
366,2013-12-02 05:00:00,10.039999961853027,10.039999961853027,10.039999961853027,10.039999961853027
367,2013-12-03 05:00:00,10.039999961853027,10.039999961853027,10.039999961853027,10.039999961853027
368,2013-12-04 05:00:00,10.039999961853027,10.039999961853027,10.039999961853027,10.039999961853027
369,2013-12-05 05:00:00,10.039999961853027,10.039999961853027,10.039999961853027,10.039999961853027
370,2013-12-06 05:00:00,10.039999961853027,10.039999961853027,10.039999961853027,10.039999961853027
371,2013-12-09 05:00:00,10.039999961853027,10.039999961853027,10.039999961853027,10.039999961853027
372,2013-12-10 05:00:00,10.039999961853027,10.039999961853027,10.039999961853027,10.039999961853027
373,2013-12-11 05:00:00,10.039999961853027,10.039999961853027,10.039999961853027,10.039999961853027
374,2013-12-12 05:00:00,10.039999961853027,10.039999961853027,10.039999961853027,10.039999961853027
375,2013-12-13 05:00:00,10.039999961853027,10.039999961853027,10.039999961853027,10.039999961853027
376,2013-12-16 05:00:00,10.039999961853027,10.039999961853027,10.039999961853027,10.039999961853027
377,2013-12-17 05:00:00,10.039999961853027,10.039999961853027,10.039999961853027,10.039999961853027
378,2013-12-18 05:00:00,10.039999961853027,10.039999961853027,10.039999961853027,10.039999961853027
379,2013-12-19 05:00:00,10.039999961853027,10.039999961853027,10.039999961853027,10.039999961853027
380,2013-12-20 05:00:00,10.039999961853027,10.039999961853027,10.039999961853027,10.039999961853027
381,2013-12-23 05:00:00,10.039999961853027,10.039999961853027,10.039999961853027,10.039999961853027
382,2013-12-24 05:00:00,10.039999961853027,10.039999961853027,10.039999961853027,10.039999961853027
383,2013-12-26 05:00:00,10.039999961853027,10.039999961853027,10.039999961853027,10.039999961853027
384,2013-12-27 05:00:00,10.039999961853027,10.039999961853027,10.039999961853027,10.039999961853027
385,2013-12-30 05:00:00,10.039999961853027,10.039999961853027,10.039999961853027,10.039999961853027
386,2013-12-31 05:00:00,10.039999961853027,10.039999961853027,10.039999961853027,10.039999961853027
387,2014-01-02 05:00:00,10.039999961853027,10.039999961853027,10.039999961853027,10.039999961853027
388,2014-01-03 05:00:00,10.039999961853027,10.039999961853027,10.039999961853027,10.039999961853027
389,2014-01-06 05:00:00,10.039999961853027,10.039999961853027,10.039999961853027,10.039999961853027
390,2014-01-07 05:00:00,10.039999961853027,10.039999961853027,10.039999961853027,10.039999961853027
391,2014-01-08 05:00:00,10.039999961853027,10.039999961853027,10.039999961853027,10.039999961853027
392,2014-01-09 05:00:00,10.039999961853027,10.039999961853027,10.039999961853027,10.039999961853027
393,2014-01-10 05:00:00,10.039999961853027,10.039999961853027,10.039999961853027,10.039999961853027
394,2014-01-13 05:00:00,10.039999961853027,10.039999961853027,10.039999961853027,10.039999961853027
395,2014-01-14 05:00:00,10.039999961853027,10.039999961853027,10.039999961853027,10.039999961853027
396,2014-01-15 05:00:00,10.039999961853027,10.039999961853027,10.039999961853027,10.039999961853027
397,2014-01-16 05:00:00,10.039999961853027,10.039999961853027,10.039999961853027,10.039999961853027
398,2014-01-17 05:00:00,10.039999961853027,10.039999961853027,10.039999961853027,10.039999961853027
399,2014-01-21 05:00:00,10.039999961853027,10.039999961853027,10.039999961853027,10.039999961853027
400,2014-01-22 05:00:00,10.039999961853027,10.039999961853027,10.039999961853027,10.039999961853027
401,2014-01-23 05:00:00,10.039999961853027,10.039999961853027,10.039999961853027,10.039999961853027
402,2014-01-24 05:00:00,10.039999961853027,10.039999961853027,10.039999961853027,10.039999961853027
403,2014-01-27 05:00:00,10.039999961853027,10.039999961853027,10.039999961853027,10.039999961853027
404,2014-01-28 05:00:00,10.039999961853027,10.039999961853027,10.039999961853027,10.039999961853027
405,2014-01-29 05:00:00,10.039999961853027,10.039999961853027,10.039999961853027,10.039999961853027
406,2014-01-30 05:00:00,10.039999961853027,10.039999961853027,10.039999961853027,10.039999961853027
407,2014-01-31 05:00:00,10.039999961853027,10.039999961853027,10.039999961853027,10.039999961853027
408,2014-02-03 05:00:00,10.039999961853027,10.039999961853027,10.039999961853027,10.039999961853027
409,2014-02-04 05:00:00,10.039999961853027,10.039999961853027,10.039999961853027,10.039999961853027
410,2014-02-05 05:00:00,10.039999961853027,10.039999961853027,10.039999961853027,10.039999961853027
411,2014-02-06 05:00:00,10.039999961853027,10.039999961853027,10.039999961853027,10.039999961853027
412,2014-02-07 05:00:00,10.039999961853027,10.039999961853027,10.039999961853027,10.039999961853027
413,2014-02-10 05:00:00,10.039999961853027,10.039999961853027,10.039999961853027,10.039999961853027
414,2014-02-11 05:00:00,10.039999961853027,10.039999961853027,10.039999961853027,10.039999961853027
415,2014-02-12 05:00:00,10.039999961853027,10.039999961853027,10.039999961853027,10.039999961853027
416,2014-02-13 05:00:00,10.039999961853027,10.039999961853027,10.039999961853027,10.039999961853027
417,2014-02-14 05:00:00,10.039999961853027,10.039999961853027,10.039999961853027,10.039999961853027
418,2014-02-18 05:00:00,10.039999961853027,10.039999961853027,10.039999961853027,10.039999961853027
419,2014-02-19 05:00:00,10.039999961853027,10.039999961853027,10.039999961853027,10.039999961853027
420,2014-02-20 05:00:00,10.039999961853027,10.039999961853027,10.039999961853027,10.039999961853027
421,2014-02-21 05:00:00,10.039999961853027,10.039999961853027,10.039999961853027,10.039999961853027
422,2014-02-24 05:00:00,10.039999961853027,10.039999961853027,10.039999961853027,10.039999961853027
423,2014-02-25 05:00:00,10.039999961853027,10.039999961853027,10.039999961853027,10.039999961853027
424,2014-02-26 05:00:00,10.039999961853027,10.039999961853027,10.039999961853027,10.039999961853027
425,2014-02-27 05:00:00,10.039999961853027,10.039999961853027,10.039999961853027,10.039999961853027
426,2014-02-28 05:00:00,10.039999961853027,10.039999961853027,10.039999961853027,10.039999961853027
427,2014-03-03 05:00:00,10.039999961853027,10.039999961853027,10.039999961853027,10.039999961853027
428,2014-03-04 05:00:00,10.039999961853027,10.039999961853027,10.039999961853027,10.039999961853027
429,2014-03-05 05:00:00,10.039999961853027,10.039999961853027,10.039999961853027,10.039999961853027
430,2014-03-06 05:00:00,10.039999961853027,10.039999961853027,10.039999961853027,10.039999961853027
431,2014-03-07 05:00:00,10.039999961853027,10.039999961853027,10.039999961853027,10.039999961853027
432,2014-03-10 04:00:00,10.039999961853027,10.039999961853027,10.039999961853027,10.039999961853027
433,2014-03-11 04:00:00,10.039999961853027,10.039999961853027,10.039999961853027,10.039999961853027
434,2014-03-12 04:00:00,10.039999961853027,10.039999961853027,10.039999961853027,10.039999961853027
435,2014-03-13 04:00:00,10.039999961853027,10.039999961853027,10.039999961853027,10.039999961853027
436,2014-03-14 04:00:00,10.039999961853027,10.039999961853027,10.039999961853027,10.039999961853027
437,2014-03-17 04:00:00,10.039999961853027,10.039999961853027,10.039999961853027,10.039999961853027
438,2014-03-18 04:00:00,10.039999961853027,10.039999961853027,10.039999961853027,10.039999961853027
439,2014-03-19 04:00:00,10.039999961853027,10.039999961853027,10.039999961853027,10.039999961853027
440,2014-03-20 04:00:00,10.039999961853027,10.039999961853027,10.039999961853027,10.039999961853027
441,2014-03-21 04:00:00,10.039999961853027,10.039999961853027,10.039999961853027,10.039999961853027
442,2014-03-24 04:00:00,10.039999961853027,10.039999961853027,10.039999961853027,10.039999961853027
443,2014-03-25 04:00:00,10.039999961853027,10.039999961853027,10.039999961853027,10.039999961853027
444,2014-03-26 04:00:00,10.039999961853027,10.039999961853027,10.039999961853027,10.039999961853027
445,2014-03-27 04:00:00,10.039999961853027,10.039999961853027,10.039999961853027,10.039999961853027
446,2014-03-28 04:00:00,10.039999961853027,10.039999961853027,10.039999961853027,10.039999961853027
447,2014-03-31 04:00:00,10.039999961853027,10.039999961853027,10.039999961853027,10.039999961853027
448,2014-04-01 04:00:00,10.039999961853027,10.039999961853027,10.039999961853027,10.039999961853027
449,2014-04-02 04:00:00,10.039999961853027,10.039999961853027,10.039999961853027,10.039999961853027
450,2014-04-03 04:00:00,10.039999961853027,10.039999961853027,10.039999961853027,10.039999961853027
451,2014-04-04 04:00:00,10.039999961853027,10.039999961853027,10.039999961853027,10.039999961853027
452,2014-04-07 04:00:00,10.039999961853027,10.039999961853027,10.039999961853027,10.039999961853027
453,2014-04-08 04:00:00,10.039999961853027,10.039999961853027,10.039999961853027,10.039999961853027
454,2014-04-09 04:00:00,10.039999961853027,10.039999961853027,10.039999961853027,10.039999961853027
455,2014-04-10 04:00:00,10.039999961853027,10.039999961853027,10.039999961853027,10.039999961853027
456,2014-04-11 04:00:00,10.039999961853027,10.039999961853027,10.039999961853027,10.039999961853027
457,2014-04-14 04:00:00,10.039999961853027,10.039999961853027,10.039999961853027,10.039999961853027
458,2014-04-15 04:00:00,10.039999961853027,10.039999961853027,10.039999961853027,10.039999961853027
459,2014-04-16 04:00:00,10.039999961853027,10.039999961853027,10.039999961853027,10.039999961853027
460,2014-04-17 04:00:00,10.039999961853027,10.039999961853027,10.039999961853027,10.039999961853027
461,2014-04-21 04:00:00,10.039999961853027,10.039999961853027,10.039999961853027,10.039999961853027
462,2014-04-22 04:00:00,10.039999961853027,10.039999961853027,10.039999961853027,10.039999961853027
463,2014-04-23 04:00:00,10.039999961853027,10.039999961853027,10.039999961853027,10.039999961853027
464,2014-04-24 04:00:00,10.039999961853027,10.039999961853027,10.039999961853027,10.039999961853027
465,2014-04-25 04:00:00,10.039999961853027,10.039999961853027,10.039999961853027,10.039999961853027
466,2014-04-28 04:00:00,10.039999961853027,10.039999961853027,10.039999961853027,10.039999961853027
467,2014-04-29 04:00:00,10.039999961853027,10.039999961853027,10.039999961853027,10.039999961853027
468,2014-04-30 04:00:00,10.039999961853027,10.039999961853027,10.039999961853027,10.039999961853027
469,2014-05-01 04:00:00,10.039999961853027,10.039999961853027,10.039999961853027,10.039999961853027
470,2014-05-02 04:00:00,10.039999961853027,10.039999961853027,10.039999961853027,10.039999961853027
471,2014-05-05 04:00:00,10.039999961853027,10.039999961853027,10.039999961853027,10.039999961853027
472,2014-05-06 04:00:00,10.039999961853027,10.039999961853027,10.039999961853027,10.039999961853027
473,2014-05-07 04:00:00,10.039999961853027,10.039999961853027,10.039999961853027,10.039999961853027
474,2014-05-08 04:00:00,10.039999961853027,10.039999961853027,10.039999961853027,10.039999961853027
475,2014-05-09 04:00:00,10.039999961853027,10.039999961853027,10.039999961853027,10.039999961853027
476,2014-05-12 04:00:00,10.039999961853027,10.039999961853027,10.039999961853027,10.039999961853027
477,2014-05-13 04:00:00,10.039999961853027,10.039999961853027,10.039999961853027,10.039999961853027
478,2014-05-14 04:00:00,10.039999961853027,10.039999961853027,10.039999961853027,10.039999961853027
479,2014-05-15 04:00:00,10.039999961853027,10.039999961853027,10.039999961853027,10.039999961853027
480,2014-05-16 04:00:00,10.039999961853027,10.039999961853027,10.039999961853027,10.039999961853027
481,2014-05-19 04:00:00,10.039999961853027,10.039999961853027,10.039999961853027,10.039999961853027
482,2014-05-20 04:00:00,10.039999961853027,10.039999961853027,10.039999961853027,10.039999961853027
483,2014-05-21 04:00:00,10.039999961853027,10.039999961853027,10.039999961853027,10.039999961853027
484,2014-05-22 04:00:00,10.039999961853027,10.039999961853027,10.039999961853027,10.039999961853027
485,2014-05-23 04:00:00,10.039999961853027,10.039999961853027,10.039999961853027,10.039999961853027
486,2014-05-27 04:00:00,10.039999961853027,10.039999961853027,10.039999961853027,10.039999961853027
487,2014-05-28 04:00:00,10.039999961853027,10.039999961853027,10.039999961853027,10.039999961853027
488,2014-05-29 04:00:00,10.039999961853027,10.039999961853027,10.039999961853027,10.039999961853027
489,2014-05-30 04:00:00,10.039999961853027,10.039999961853027,10.039999961853027,10.039999961853027
490,2014-06-02 04:00:00,10.039999961853027,10.039999961853027,10.039999961853027,10.039999961853027
491,2014-06-03 04:00:00,10.039999961853027,10.039999961853027,10.039999961853027,10.039999961853027
492,2014-06-04 04:00:00,10.039999961853027,10.039999961853027,10.039999961853027,10.039999961853027
493,2014-06-05 04:00:00,10.039999961853027,10.039999961853027,10.039999961853027,10.039999961853027
494,2014-06-06 04:00:00,10.039999961853027,10.039999961853027,10.039999961853027,10.039999961853027
495,2014-06-09 04:00:00,10.039999961853027,10.039999961853027,10.039999961853027,10.039999961853027
496,2014-06-10 04:00:00,10.039999961853027,10.039999961853027,10.039999961853027,10.039999961853027
497,2014-06-11 04:00:00,10.039999961853027,10.039999961853027,10.039999961853027,10.039999961853027
498,2014-06-12 04:00:00,10.039999961853027,10.039999961853027,10.039999961853027,10.039999961853027
499,2014-06-13 04:00:00,10.039999961853027,10.039999961853027,10.039999961853027,10.039999961853027
500,2014-06-16 04:00:00,10.039999961853027,10.039999961853027,10.039999961853027,10.039999961853027
501,2014-06-17 04:00:00,10.039999961853027,10.039999961853027,10.039999961853027,10.039999961853027
502,2014-06-18 04:00:00,10.039999961853027,10.039999961853027,10.039999961853027,10.039999961853027
503,2014-06-19 04:00:00,10.039999961853027,10.039999961853027,10.039999961853027,10.039999961853027
504,2014-06-20 04:00:00,10.039999961853027,10.039999961853027,10.039999961853027,10.039999961853027
505,2014-06-23 04:00:00,10.039999961853027,10.039999961853027,10.039999961853027,10.039999961853027
506,2014-06-24 04:00:00,10.039999961853027,10.039999961853027,10.039999961853027,10.039999961853027
507,2014-06-25 04:00:00,10.039999961853027,10.039999961853027,10.039999961853027,10.039999961853027
508,2014-06-26 04:00:00,10.039999961853027,10.039999961853027,10.039999961853027,10.039999961853027
509,2014-06-27 04:00:00,10.039999961853027,10.039999961853027,10.039999961853027,10.039999961853027
510,2014-06-30 04:00:00,10.039999961853027,10.039999961853027,10.039999961853027,10.039999961853027
511,2014-07-01 04:00:00,10.039999961853027,10.039999961853027,10.039999961853027,10.039999961853027
512,2014-07-02 04:00:00,10.039999961853027,10.039999961853027,10.039999961853027,10.039999961853027
513,2014-07-03 04:00:00,10.039999961853027,10.039999961853027,10.039999961853027,10.039999961853027
514,2014-07-07 04:00:00,10.039999961853027,10.039999961853027,10.039999961853027,10.039999961853027
515,2014-07-08 04:00:00,10.039999961853027,10.039999961853027,10.039999961853027,10.039999961853027
516,2014-07-09 04:00:00,10.039999961853027,10.039999961853027,10.039999961853027,10.039999961853027
517,2014-07-10 04:00:00,10.039999961853027,10.039999961853027,10.039999961853027,10.039999961853027
518,2014-07-11 04:00:00,10.039999961853027,10.039999961853027,10.039999961853027,10.039999961853027
519,2014-07-14 04:00:00,10.039999961853027,10.039999961853027,10.039999961853027,10.039999961853027
520,2014-07-15 04:00:00,10.039999961853027,10.039999961853027,10.039999961853027,10.039999961853027
521,2014-07-16 04:00:00,10.039999961853027,10.039999961853027,10.039999961853027,10.039999961853027
522,2014-07-17 04:00:00,10.039999961853027,10.039999961853027,10.039999961853027,10.039999961853027
523,2014-07-18 04:00:00,10.039999961853027,10.039999961853027,10.039999961853027,10.039999961853027
524,2014-07-21 04:00:00,10.039999961853027,10.039999961853027,10.039999961853027,10.039999961853027
525,2014-07-22 04:00:00,10.039999961853027,10.039999961853027,10.039999961853027,10.039999961853027
526,2014-07-23 04:00:00,10.039999961853027,10.039999961853027,10.039999961853027,10.039999961853027
527,2014-07-24 04:00:00,10.039999961853027,10.039999961853027,10.039999961853027,10.039999961853027
528,2014-07-25 04:00:00,10.039999961853027,10.039999961853027,10.039999961853027,10.039999961853027
529,2014-07-28 04:00:00,10.039999961853027,10.039999961853027,10.039999961853027,10.039999961853027
530,2014-07-29 04:00:00,10.039999961853027,10.039999961853027,10.039999961853027,10.039999961853027
531,2014-07-30 04:00:00,10.039999961853027,10.039999961853027,10.039999961853027,10.039999961853027
532,2014-07-31 04:00:00,10.039999961853027,10.039999961853027,10.039999961853027,10.039999961853027
533,2014-08-01 04:00:00,10.039999961853027,10.039999961853027,10.039999961853027,10.039999961853027
534,2014-08-04 04:00:00,10.039999961853027,10.039999961853027,10.039999961853027,10.039999961853027
535,2014-08-05 04:00:00,10.039999961853027,10.039999961853027,10.039999961853027,10.039999961853027
536,2014-08-06 04:00:00,10.039999961853027,10.039999961853027,10.039999961853027,10.039999961853027
537,2014-08-07 04:00:00,10.039999961853027,10.039999961853027,10.039999961853027,10.039999961853027
538,2014-08-08 04:00:00,10.039999961853027,10.039999961853027,10.039999961853027,10.039999961853027
539,2014-08-11 04:00:00,10.039999961853027,10.039999961853027,10.039999961853027,10.039999961853027
540,2014-08-12 04:00:00,10.039999961853027,10.039999961853027,10.039999961853027,10.039999961853027
541,2014-08-13 04:00:00,10.039999961853027,10.039999961853027,10.039999961853027,10.039999961853027
542,2014-08-14 04:00:00,10.039999961853027,10.039999961853027,10.039999961853027,10.039999961853027
543,2014-08-15 04:00:00,10.039999961853027,10.039999961853027,10.039999961853027,10.039999961853027
544,2014-08-18 04:00:00,10.039999961853027,10.039999961853027,10.039999961853027,10.039999961853027
545,2014-08-19 04:00:00,10.039999961853027,10.039999961853027,10.039999961853027,10.039999961853027
546,2014-08-20 04:00:00,10.039999961853027,10.039999961853027,10.039999961853027,10.039999961853027
547,2014-08-21 04:00:00,10.039999961853027,10.039999961853027,10.039999961853027,10.039999961853027
548,2014-08-22 04:00:00,10.039999961853027,10.039999961853027,10.039999961853027,10.039999961853027
549,2014-08-25 04:00:00,10.039999961853027,10.039999961853027,10.039999961853027,10.039999961853027
550,2014-08-26 04:00:00,10.039999961853027,10.039999961853027,10.039999961853027,10.039999961853027
551,2014-08-27 04:00:00,10.039999961853027,10.039999961853027,10.039999961853027,10.039999961853027
552,2014-08-28 04:00:00,10.039999961853027,10.039999961853027,10.039999961853027,10.039999961853027
553,2014-08-29 04:00:00,10.039999961853027,10.039999961853027,10.039999961853027,10.039999961853027
554,2014-09-02 04:00:00,10.039999961853027,10.039999961853027,10.039999961853027,10.039999961853027
555,2014-09-03 04:00:00,10.039999961853027,10.039999961853027,10.039999961853027,10.039999961853027
556,2014-09-04 04:00:00,10.039999961853027,10.039999961853027,10.039999961853027,10.039999961853027
557,2014-09-05 04:00:00,10.039999961853027,10.039999961853027,10.039999961853027,10.039999961853027
558,2014-09-08 04:00:00,10.039999961853027,10.039999961853027,10.039999961853027,10.039999961853027
559,2014-09-09 04:00:00,10.039999961853027,10.039999961853027,10.039999961853027,10.039999961853027
560,2014-09-10 04:00:00,10.039999961853027,10.039999961853027,10.039999961853027,10.039999961853027
561,2014-09-11 04:00:00,10.039999961853027,10.039999961853027,10.039999961853027,10.039999961853027
562,2014-09-12 04:00:00,10.039999961853027,10.039999961853027,10.039999961853027,10.039999961853027
563,2014-09-15 04:00:00,10.039999961853027,10.039999961853027,10.039999961853027,10.039999961853027
564,2014-09-16 04:00:00,10.039999961853027,10.039999961853027,10.039999961853027,10.039999961853027
565,2014-09-17 04:00:00,10.039999961853027,10.039999961853027,10.039999961853027,10.039999961853027
566,2014-09-18 04:00:00,10.039999961853027,10.039999961853027,10.039999961853027,10.039999961853027
567,2014-09-19 04:00:00,10.039999961853027,10.039999961853027,10.039999961853027,10.039999961853027
568,2014-09-22 04:00:00,10.039999961853027,10.039999961853027,10.039999961853027,10.039999961853027
569,2014-09-23 04:00:00,10.039999961853027,10.039999961853027,10.039999961853027,10.039999961853027
570,2014-09-24 04:00:00,10.039999961853027,10.039999961853027,10.039999961853027,10.039999961853027
571,2014-09-25 04:00:00,10.039999961853027,10.039999961853027,10.039999961853027,10.039999961853027
572,2014-09-26 04:00:00,10.039999961853027,10.039999961853027,10.039999961853027,10.039999961853027
573,2014-09-29 04:00:00,10.039999961853027,10.039999961853027,10.039999961853027,10.039999961853027
574,2014-09-30 04:00:00,10.039999961853027,10.039999961853027,10.039999961853027,10.039999961853027
575,2014-10-01 04:00:00,10.039999961853027,10.039999961853027,10.039999961853027,10.039999961853027
576,2014-10-02 04:00:00,10.039999961853027,10.039999961853027,10.039999961853027,10.039999961853027
577,2014-10-03 04:00:00,10.039999961853027,10.039999961853027,10.039999961853027,10.039999961853027
578,2014-10-06 04:00:00,10.039999961853027,10.039999961853027,10.039999961853027,10.039999961853027
579,2014-10-07 04:00:00,10.039999961853027,10.039999961853027,10.039999961853027,10.039999961853027
580,2014-10-08 04:00:00,10.039999961853027,10.039999961853027,10.039999961853027,10.039999961853027
581,2014-10-09 04:00:00,10.039999961853027,10.039999961853027,10.039999961853027,10.039999961853027
582,2014-10-10 04:00:00,10.039999961853027,10.039999961853027,10.039999961853027,10.039999961853027
583,2014-10-13 04:00:00,10.039999961853027,10.039999961853027,10.039999961853027,10.039999961853027
584,2014-10-14 04:00:00,10.039999961853027,10.039999961853027,10.039999961853027,10.039999961853027
585,2014-10-15 04:00:00,10.039999961853027,10.039999961853027,10.039999961853027,10.039999961853027
586,2014-10-16 04:00:00,10.039999961853027,10.039999961853027,10.039999961853027,10.039999961853027
587,2014-10-17 04:00:00,10.039999961853027,10.039999961853027,10.039999961853027,10.039999961853027
588,2014-10-20 04:00:00,10.039999961853027,10.039999961853027,10.039999961853027,10.039999961853027
589,2014-10-21 04:00:00,10.039999961853027,10.039999961853027,10.039999961853027,10.039999961853027
590,2014-10-22 04:00:00,10.039999961853027,10.039999961853027,10.039999961853027,10.039999961853027
591,2014-10-23 04:00:00,10.039999961853027,10.039999961853027,10.039999961853027,10.039999961853027
592,2014-10-24 04:00:00,10.039999961853027,10.039999961853027,10.039999961853027,10.039999961853027
593,2014-10-27 04:00:00,10.039999961853027,10.039999961853027,10.039999961853027,10.039999961853027
594,2014-10-28 04:00:00,10.039999961853027,10.039999961853027,10.039999961853027,10.039999961853027
595,2014-10-29 04:00:00,10.039999961853027,10.039999961853027,10.039999961853027,10.039999961853027
596,2014-10-30 04:00:00,10.039999961853027,10.039999961853027,10.039999961853027,10.039999961853027
597,2014-10-31 04:00:00,10.039999961853027,10.039999961853027,10.039999961853027,10.039999961853027
598,2014-11-03 05:00:00,10.039999961853027,10.039999961853027,10.039999961853027,10.039999961853027
599,2014-11-04 05:00:00,10.039999961853027,10.039999961853027,10.039999961853027,10.039999961853027
600,2014-11-05 05:00:00,10.039999961853027,10.039999961853027,10.039999961853027,10.039999961853027
601,2014-11-06 05:00:00,10.039999961853027,10.039999961853027,10.039999961853027,10.039999961853027
602,2014-11-07 05:00:00,10.039999961853027,10.039999961853027,10.039999961853027,10.039999961853027
603,2014-11-10 05:00:00,10.039999961853027,10.039999961853027,10.039999961853027,10.039999961853027
604,2014-11-11 05:00:00,10.039999961853027,10.039999961853027,10.039999961853027,10.039999961853027
605,2014-11-12 05:00:00,10.039999961853027,10.039999961853027,10.039999961853027,10.039999961853027
606,2014-11-13 05:00:00,10.039999961853027,10.039999961853027,10.039999961853027,10.039999961853027
607,2014-11-14 05:00:00,10.039999961853027,10.039999961853027,10.039999961853027,10.039999961853027
608,2014-11-17 05:00:00,10.039999961853027,10.039999961853027,10.039999961853027,10.039999961853027
609,2014-11-18 05:00:00,10.039999961853027,10.039999961853027,10.039999961853027,10.039999961853027
610,2014-11-19 05:00:00,10.039999961853027,10.039999961853027,10.039999961853027,10.039999961853027
611,2014-11-20 05:00:00,10.039999961853027,10.039999961853027,10.039999961853027,10.039999961853027
612,2014-11-21 05:00:00,10.039999961853027,10.039999961853027,10.039999961853027,10.039999961853027
613,2014-11-24 05:00:00,10.039999961853027,10.039999961853027,10.039999961853027,10.039999961853027
614,2014-11-25 05:00:00,10.039999961853027,10.039999961853027,10.039999961853027,10.039999961853027
615,2014-11-26 05:00:00,10.039999961853027,10.039999961853027,10.039999961853027,10.039999961853027
616,2014-11-28 05:00:00,10.039999961853027,10.039999961853027,10.039999961853027,10.039999961853027
617,2014-12-01 05:00:00,10.039999961853027,10.039999961853027,10.039999961853027,10.039999961853027
618,2014-12-02 05:00:00,10.039999961853027,10.039999961853027,10.039999961853027,10.039999961853027
619,2014-12-03 05:00:00,10.039999961853027,10.039999961853027,10.039999961853027,10.039999961853027
620,2014-12-04 05:00:00,10.039999961853027,10.039999961853027,10.039999961853027,10.039999961853027
621,2014-12-05 05:00:00,10.039999961853027,10.039999961853027,10.039999961853027,10.039999961853027
622,2014-12-08 05:00:00,10.039999961853027,10.039999961853027,10.039999961853027,10.039999961853027
623,2014-12-09 05:00:00,10.039999961853027,10.039999961853027,10.039999961853027,10.039999961853027
624,2014-12-10 05:00:00,10.039999961853027,10.039999961853027,10.039999961853027,10.039999961853027
625,2014-12-11 05:00:00,10.039999961853027,10.039999961853027,10.039999961853027,10.039999961853027
626,2014-12-12 05:00:00,10.039999961853027,10.039999961853027,10.039999961853027,10.039999961853027
627,2014-12-15 05:00:00,10.039999961853027,10.039999961853027,10.039999961853027,10.039999961853027
628,2014-12-16 05:00:00,10.039999961853027,10.039999961853027,10.039999961853027,10.039999961853027
629,2014-12-17 05:00:00,10.039999961853027,10.039999961853027,10.039999961853027,10.039999961853027
630,2014-12-18 05:00:00,10.039999961853027,10.039999961853027,10.039999961853027,10.039999961853027
631,2014-12-19 05:00:00,10.039999961853027,10.039999961853027,10.039999961853027,10.039999961853027
632,2014-12-22 05:00:00,10.039999961853027,10.039999961853027,10.039999961853027,10.039999961853027
633,2014-12-23 05:00:00,10.039999961853027,10.039999961853027,10.039999961853027,10.039999961853027
634,2014-12-24 05:00:00,10.039999961853027,10.039999961853027,10.039999961853027,10.039999961853027
635,2014-12-26 05:00:00,10.039999961853027,10.039999961853027,10.039999961853027,10.039999961853027
636,2014-12-29 05:00:00,10.039999961853027,10.039999961853027,10.039999961853027,10.039999961853027
637,2014-12-30 05:00:00,10.039999961853027,10.039999961853027,10.039999961853027,10.039999961853027
638,2014-12-31 05:00:00,10.039999961853027,10.039999961853027,10.039999961853027,10.039999961853027
639,2015-01-02 05:00:00,10.039999961853027,10.039999961853027,10.039999961853027,10.039999961853027
640,2015-01-05 05:00:00,10.039999961853027,10.039999961853027,10.039999961853027,10.039999961853027
641,2015-01-06 05:00:00,10.039999961853027,10.039999961853027,10.039999961853027,10.039999961853027
642,2015-01-07 05:00:00,10.039999961853027,10.039999961853027,10.039999961853027,10.039999961853027
643,2015-01-08 05:00:00,10.039999961853027,10.039999961853027,10.039999961853027,10.039999961853027
644,2015-01-09 05:00:00,10.039999961853027,10.039999961853027,10.039999961853027,10.039999961853027
645,2015-01-12 05:00:00,10.039999961853027,10.039999961853027,10.039999961853027,10.039999961853027
646,2015-01-13 05:00:00,10.039999961853027,10.039999961853027,10.039999961853027,10.039999961853027
647,2015-01-14 05:00:00,10.039999961853027,10.039999961853027,10.039999961853027,10.039999961853027
648,2015-01-15 05:00:00,10.039999961853027,10.039999961853027,10.039999961853027,10.039999961853027
649,2015-01-16 05:00:00,10.039999961853027,10.039999961853027,10.039999961853027,10.039999961853027
650,2015-01-20 05:00:00,10.039999961853027,10.039999961853027,10.039999961853027,10.039999961853027
651,2015-01-21 05:00:00,10.039999961853027,10.039999961853027,10.039999961853027,10.039999961853027
652,2015-01-22 05:00:00,10.039999961853027,10.039999961853027,10.039999961853027,10.039999961853027
653,2015-01-23 05:00:00,10.039999961853027,10.039999961853027,10.039999961853027,10.039999961853027
654,2015-01-26 05:00:00,10.039999961853027,10.039999961853027,10.039999961853027,10.039999961853027
655,2015-01-27 05:00:00,10.039999961853027,10.039999961853027,10.039999961853027,10.039999961853027
656,2015-01-28 05:00:00,10.039999961853027,10.039999961853027,10.039999961853027,10.039999961853027
657,2015-01-29 05:00:00,10.039999961853027,10.039999961853027,10.039999961853027,10.039999961853027
658,2015-01-30 05:00:00,10.039999961853027,10.039999961853027,10.039999961853027,10.039999961853027
659,2015-02-02 05:00:00,10.039999961853027,10.039999961853027,10.039999961853027,10.039999961853027
660,2015-02-03 05:00:00,10.039999961853027,10.039999961853027,10.039999961853027,10.039999961853027
661,2015-02-04 05:00:00,10.039999961853027,10.039999961853027,10.039999961853027,10.039999961853027
662,2015-02-05 05:00:00,10.039999961853027,10.039999961853027,10.039999961853027,10.039999961853027
663,2015-02-06 05:00:00,10.039999961853027,10.039999961853027,10.039999961853027,10.039999961853027
664,2015-02-09 05:00:00,10.039999961853027,10.039999961853027,10.039999961853027,10.039999961853027
665,2015-02-10 05:00:00,10.039999961853027,10.039999961853027,10.039999961853027,10.039999961853027
666,2015-02-11 05:00:00,10.039999961853027,10.039999961853027,10.039999961853027,10.039999961853027
667,2015-02-12 05:00:00,10.039999961853027,10.039999961853027,10.039999961853027,10.039999961853027
668,2015-02-13 05:00:00,10.039999961853027,10.039999961853027,10.039999961853027,10.039999961853027
669,2015-02-17 05:00:00,10.039999961853027,10.039999961853027,10.039999961853027,10.039999961853027
670,2015-02-18 05:00:00,10.039999961853027,10.039999961853027,10.039999961853027,10.039999961853027
671,2015-02-19 05:00:00,10.039999961853027,10.039999961853027,10.039999961853027,10.039999961853027
672,2015-02-20 05:00:00,10.039999961853027,10.039999961853027,10.039999961853027,10.039999961853027
673,2015-02-23 05:00:00,10.039999961853027,10.039999961853027,10.039999961853027,10.039999961853027
674,2015-02-24 05:00:00,10.039999961853027,10.039999961853027,10.039999961853027,10.039999961853027
675,2015-02-25 05:00:00,10.039999961853027,10.039999961853027,10.039999961853027,10.039999961853027
676,2015-02-26 05:00:00,10.039999961853027,10.039999961853027,10.039999961853027,10.039999961853027
677,2015-02-27 05:00:00,10.039999961853027,10.039999961853027,10.039999961853027,10.039999961853027
678,2015-03-02 05:00:00,10.039999961853027,10.039999961853027,10.039999961853027,10.039999961853027
679,2015-03-03 05:00:00,10.039999961853027,10.039999961853027,10.039999961853027,10.039999961853027
680,2015-03-04 05:00:00,10.039999961853027,10.039999961853027,10.039999961853027,10.039999961853027
681,2015-03-05 05:00:00,10.039999961853027,10.039999961853027,10.039999961853027,10.039999961853027
682,2015-03-06 05:00:00,10.039999961853027,10.039999961853027,10.039999961853027,10.039999961853027
683,2015-03-09 04:00:00,10.039999961853027,10.039999961853027,10.039999961853027,10.039999961853027
684,2015-03-10 04:00:00,10.039999961853027,10.039999961853027,10.039999961853027,10.039999961853027
685,2015-03-11 04:00:00,10.039999961853027,10.039999961853027,10.039999961853027,10.039999961853027
686,2015-03-12 04:00:00,10.039999961853027,10.039999961853027,10.039999961853027,10.039999961853027
687,2015-03-13 04:00:00,10.039999961853027,10.039999961853027,10.039999961853027,10.039999961853027
688,2015-03-16 04:00:00,10.039999961853027,10.039999961853027,10.039999961853027,10.039999961853027
689,2015-03-17 04:00:00,10.039999961853027,10.039999961853027,10.039999961853027,10.039999961853027
690,2015-03-18 04:00:00,10.039999961853027,10.039999961853027,10.039999961853027,10.039999961853027
691,2015-03-19 04:00:00,10.039999961853027,10.039999961853027,10.039999961853027,10.039999961853027
692,2015-03-20 04:00:00,10.039999961853027,10.039999961853027,10.039999961853027,10.039999961853027
693,2015-03-23 04:00:00,10.039999961853027,10.039999961853027,10.039999961853027,10.039999961853027
694,2015-03-24 04:00:00,10.039999961853027,10.039999961853027,10.039999961853027,10.039999961853027
695,2015-03-25 04:00:00,10.039999961853027,10.039999961853027,10.039999961853027,10.039999961853027
696,2015-03-26 04:00:00,10.039999961853027,10.039999961853027,10.039999961853027,10.039999961853027
697,2015-03-27 04:00:00,10.039999961853027,10.039999961853027,10.039999961853027,10.039999961853027
698,2015-03-30 04:00:00,10.039999961853027,10.039999961853027,10.039999961853027,10.039999961853027
699,2015-03-31 04:00:00,10.039999961853027,10.039999961853027,10.039999961853027,10.039999961853027
700,2015-04-01 04:00:00,10.039999961853027,10.039999961853027,10.039999961853027,10.039999961853027
701,2015-04-02 04:00:00,10.039999961853027,10.039999961853027,10.039999961853027,10.039999961853027
702,2015-04-06 04:00:00,10.039999961853027,10.039999961853027,10.039999961853027,10.039999961853027
703,2015-04-07 04:00:00,10.039999961853027,10.039999961853027,10.039999961853027,10.039999961853027
704,2015-04-08 04:00:00,10.039999961853027,10.039999961853027,10.039999961853027,10.039999961853027
705,2015-04-09 04:00:00,10.039999961853027,10.039999961853027,10.039999961853027,10.039999961853027
706,2015-04-10 04:00:00,10.039999961853027,10.039999961853027,10.039999961853027,10.039999961853027
707,2015-04-13 04:00:00,10.039999961853027,10.039999961853027,10.039999961853027,10.039999961853027
708,2015-04-14 04:00:00,10.039999961853027,10.039999961853027,10.039999961853027,10.039999961853027
709,2015-04-15 04:00:00,10.039999961853027,10.039999961853027,10.039999961853027,10.039999961853027
710,2015-04-16 04:00:00,10.039999961853027,10.039999961853027,10.039999961853027,10.039999961853027
711,2015-04-17 04:00:00,10.039999961853027,10.039999961853027,10.039999961853027,10.039999961853027
712,2015-04-20 04:00:00,10.039999961853027,10.039999961853027,10.039999961853027,10.039999961853027
713,2015-04-21 04:00:00,10.039999961853027,10.039999961853027,10.039999961853027,10.039999961853027
714,2015-04-22 04:00:00,10.039999961853027,10.039999961853027,10.039999961853027,10.039999961853027
715,2015-04-23 04:00:00,10.039999961853027,10.039999961853027,10.039999961853027,10.039999961853027
716,2015-04-24 04:00:00,10.039999961853027,10.039999961853027,10.039999961853027,10.039999961853027
717,2015-04-27 04:00:00,10.039999961853027,10.039999961853027,10.039999961853027,10.039999961853027
718,2015-04-28 04:00:00,10.039999961853027,10.039999961853027,10.039999961853027,10.039999961853027
719,2015-04-29 04:00:00,10.039999961853027,10.039999961853027,10.039999961853027,10.039999961853027
720,2015-04-30 04:00:00,10.039999961853027,10.039999961853027,10.039999961853027,10.039999961853027
721,2015-05-01 04:00:00,10.039999961853027,10.039999961853027,10.039999961853027,10.039999961853027
722,2015-05-04 04:00:00,10.039999961853027,10.039999961853027,10.039999961853027,10.039999961853027
723,2015-05-05 04:00:00,10.039999961853027,10.039999961853027,10.039999961853027,10.039999961853027
724,2015-05-06 04:00:00,10.039999961853027,10.039999961853027,10.039999961853027,10.039999961853027
725,2015-05-07 04:00:00,10.039999961853027,10.039999961853027,10.039999961853027,10.039999961853027
726,2015-05-08 04:00:00,10.039999961853027,10.039999961853027,10.039999961853027,10.039999961853027
727,2015-05-11 04:00:00,10.039999961853027,10.039999961853027,10.039999961853027,10.039999961853027
728,2015-05-12 04:00:00,10.039999961853027,10.039999961853027,10.039999961853027,10.039999961853027
729,2015-05-13 04:00:00,10.039999961853027,10.039999961853027,10.039999961853027,10.039999961853027
730,2015-05-14 04:00:00,10.039999961853027,10.039999961853027,10.039999961853027,10.039999961853027
731,2015-05-15 04:00:00,10.039999961853027,10.039999961853027,10.039999961853027,10.039999961853027
732,2015-05-18 04:00:00,10.039999961853027,10.039999961853027,10.039999961853027,10.039999961853027
733,2015-05-19 04:00:00,10.039999961853027,10.039999961853027,10.039999961853027,10.039999961853027
734,2015-05-20 04:00:00,10.039999961853027,10.039999961853027,10.039999961853027,10.039999961853027
735,2015-05-21 04:00:00,10.039999961853027,10.039999961853027,10.039999961853027,10.039999961853027
736,2015-05-22 04:00:00,10.039999961853027,10.039999961853027,10.039999961853027,10.039999961853027
737,2015-05-26 04:00:00,10.039999961853027,10.039999961853027,10.039999961853027,10.039999961853027
738,2015-05-27 04:00:00,10.039999961853027,10.039999961853027,10.039999961853027,10.039999961853027
739,2015-05-28 04:00:00,10.039999961853027,10.039999961853027,10.039999961853027,10.039999961853027
740,2015-05-29 04:00:00,10.039999961853027,10.039999961853027,10.039999961853027,10.039999961853027
741,2015-06-01 04:00:00,10.039999961853027,10.039999961853027,10.039999961853027,10.039999961853027
742,2015-06-02 04:00:00,10.039999961853027,10.039999961853027,10.039999961853027,10.039999961853027
743,2015-06-03 04:00:00,10.039999961853027,10.039999961853027,10.039999961853027,10.039999961853027
744,2015-06-04 04:00:00,10.039999961853027,10.039999961853027,10.039999961853027,10.039999961853027
745,2015-06-05 04:00:00,10.039999961853027,10.039999961853027,10.039999961853027,10.039999961853027
746,2015-06-08 04:00:00,10.039999961853027,10.039999961853027,10.039999961853027,10.039999961853027
747,2015-06-09 04:00:00,10.039999961853027,10.039999961853027,10.039999961853027,10.039999961853027
748,2015-06-10 04:00:00,10.039999961853027,10.039999961853027,10.039999961853027,10.039999961853027
749,2015-06-11 04:00:00,10.039999961853027,10.039999961853027,10.039999961853027,10.039999961853027
750,2015-06-12 04:00:00,10.039999961853027,10.039999961853027,10.039999961853027,10.039999961853027
751,2015-06-15 04:00:00,10.039999961853027,10.039999961853027,10.039999961853027,10.039999961853027
752,2015-06-16 04:00:00,10.039999961853027,10.039999961853027,10.039999961853027,10.039999961853027
753,2015-06-17 04:00:00,10.039999961853027,10.039999961853027,10.039999961853027,10.039999961853027
754,2015-06-18 04:00:00,10.039999961853027,10.039999961853027,10.039999961853027,10.039999961853027
755,2015-06-19 04:00:00,10.039999961853027,10.039999961853027,10.039999961853027,10.039999961853027
756,2015-06-22 04:00:00,10.039999961853027,10.039999961853027,10.039999961853027,10.039999961853027
757,2015-06-23 04:00:00,10.039999961853027,10.039999961853027,10.039999961853027,10.039999961853027
758,2015-06-24 04:00:00,10.039999961853027,10.039999961853027,10.039999961853027,10.039999961853027
759,2015-06-25 04:00:00,10.039999961853027,10.039999961853027,10.039999961853027,10.039999961853027
760,2015-06-26 04:00:00,10.039999961853027,10.039999961853027,10.039999961853027,10.039999961853027
761,2015-06-29 04:00:00,10.039999961853027,10.039999961853027,10.039999961853027,10.039999961853027
762,2015-06-30 04:00:00,10.039999961853027,10.039999961853027,10.039999961853027,10.039999961853027
763,2015-07-01 04:00:00,10.039999961853027,10.039999961853027,10.039999961853027,10.039999961853027
764,2015-07-02 04:00:00,10.039999961853027,10.039999961853027,10.039999961853027,10.039999961853027
765,2015-07-06 04:00:00,10.039999961853027,10.039999961853027,10.039999961853027,10.039999961853027
766,2015-07-07 04:00:00,10.039999961853027,10.039999961853027,10.039999961853027,10.039999961853027
767,2015-07-08 04:00:00,10.039999961853027,10.039999961853027,10.039999961853027,10.039999961853027
768,2015-07-09 04:00:00,10.039999961853027,10.039999961853027,10.039999961853027,10.039999961853027
769,2015-07-10 04:00:00,10.039999961853027,10.039999961853027,10.039999961853027,10.039999961853027
770,2015-07-13 04:00:00,10.039999961853027,10.039999961853027,10.039999961853027,10.039999961853027
771,2015-07-14 04:00:00,10.039999961853027,10.039999961853027,10.039999961853027,10.039999961853027
772,2015-07-15 04:00:00,10.039999961853027,10.039999961853027,10.039999961853027,10.039999961853027
773,2015-07-16 04:00:00,10.039999961853027,10.039999961853027,10.039999961853027,10.039999961853027
774,2015-07-17 04:00:00,10.039999961853027,10.039999961853027,10.039999961853027,10.039999961853027
775,2015-07-20 04:00:00,10.039999961853027,10.039999961853027,10.039999961853027,10.039999961853027
776,2015-07-21 04:00:00,10.039999961853027,10.039999961853027,10.039999961853027,10.039999961853027
777,2015-07-22 04:00:00,10.039999961853027,10.039999961853027,10.039999961853027,10.039999961853027
778,2015-07-23 04:00:00,10.039999961853027,10.039999961853027,10.039999961853027,10.039999961853027
779,2015-07-24 04:00:00,10.039999961853027,10.039999961853027,10.039999961853027,10.039999961853027
780,2015-07-27 04:00:00,10.039999961853027,10.039999961853027,10.039999961853027,10.039999961853027
781,2015-07-28 04:00:00,10.039999961853027,10.039999961853027,10.039999961853027,10.039999961853027
782,2015-07-29 04:00:00,10.039999961853027,10.039999961853027,10.039999961853027,10.039999961853027
783,2015-07-30 04:00:00,10.039999961853027,10.039999961853027,10.039999961853027,10.039999961853027
784,2015-07-31 04:00:00,10.039999961853027,10.039999961853027,10.039999961853027,10.039999961853027
785,2015-08-03 04:00:00,10.039999961853027,10.039999961853027,10.039999961853027,10.039999961853027
786,2015-08-04 04:00:00,10.039999961853027,10.039999961853027,10.039999961853027,10.039999961853027
787,2015-08-05 04:00:00,10.039999961853027,10.039999961853027,10.039999961853027,10.039999961853027
788,2015-08-06 04:00:00,10.039999961853027,10.039999961853027,10.039999961853027,10.039999961853027
789,2015-08-07 04:00:00,10.039999961853027,10.039999961853027,10.039999961853027,10.039999961853027
790,2015-08-10 04:00:00,10.039999961853027,10.039999961853027,10.039999961853027,10.039999961853027
791,2015-08-11 04:00:00,10.039999961853027,10.039999961853027,10.039999961853027,10.039999961853027
792,2015-08-12 04:00:00,10.039999961853027,10.039999961853027,10.039999961853027,10.039999961853027
793,2015-08-13 04:00:00,10.039999961853027,10.039999961853027,10.039999961853027,10.039999961853027
794,2015-08-14 04:00:00,10.039999961853027,10.039999961853027,10.039999961853027,10.039999961853027
795,2015-08-17 04:00:00,10.039999961853027,10.039999961853027,10.039999961853027,10.039999961853027
796,2015-08-18 04:00:00,10.039999961853027,10.039999961853027,10.039999961853027,10.039999961853027
797,2015-08-19 04:00:00,10.039999961853027,10.039999961853027,10.039999961853027,10.039999961853027
798,2015-08-20 04:00:00,10.039999961853027,10.039999961853027,10.039999961853027,10.039999961853027
799,2015-08-21 04:00:00,10.039999961853027,10.039999961853027,10.039999961853027,10.039999961853027
800,2015-08-24 04:00:00,10.039999961853027,10.039999961853027,10.039999961853027,10.039999961853027
801,2015-08-25 04:00:00,10.039999961853027,10.039999961853027,10.039999961853027,10.039999961853027
802,2015-08-26 04:00:00,10.039999961853027,10.039999961853027,10.039999961853027,10.039999961853027
803,2015-08-27 04:00:00,10.039999961853027,10.039999961853027,10.039999961853027,10.039999961853027
804,2015-08-28 04:00:00,10.039999961853027,10.039999961853027,10.039999961853027,10.039999961853027
805,2015-08-31 04:00:00,10.039999961853027,10.039999961853027,10.039999961853027,10.039999961853027
806,2015-09-01 04:00:00,10.039999961853027,10.039999961853027,10.039999961853027,10.039999961853027
807,2015-09-02 04:00:00,10.039999961853027,10.039999961853027,10.039999961853027,10.039999961853027
808,2015-09-03 04:00:00,10.039999961853027,10.039999961853027,10.039999961853027,10.039999961853027
809,2015-09-04 04:00:00,10.039999961853027,10.039999961853027,10.039999961853027,10.039999961853027
810,2015-09-08 04:00:00,10.039999961853027,10.039999961853027,10.039999961853027,10.039999961853027
811,2015-09-09 04:00:00,10.039999961853027,10.039999961853027,10.039999961853027,10.039999961853027
812,2015-09-10 04:00:00,10.039999961853027,10.039999961853027,10.039999961853027,10.039999961853027
813,2015-09-11 04:00:00,10.039999961853027,10.039999961853027,10.039999961853027,10.039999961853027
814,2015-09-14 04:00:00,10.039999961853027,10.039999961853027,10.039999961853027,10.039999961853027
815,2015-09-15 04:00:00,10.039999961853027,10.039999961853027,10.039999961853027,10.039999961853027
816,2015-09-16 04:00:00,10.039999961853027,10.039999961853027,10.039999961853027,10.039999961853027
817,2015-09-17 04:00:00,10.039999961853027,10.039999961853027,10.039999961853027,10.039999961853027
818,2015-09-18 04:00:00,10.039999961853027,10.039999961853027,10.039999961853027,10.039999961853027
819,2015-09-21 04:00:00,10.039999961853027,10.039999961853027,10.039999961853027,10.039999961853027
820,2015-09-22 04:00:00,10.039999961853027,10.039999961853027,10.039999961853027,10.039999961853027
821,2015-09-23 04:00:00,10.039999961853027,10.039999961853027,10.039999961853027,10.039999961853027
822,2015-09-24 04:00:00,10.039999961853027,10.039999961853027,10.039999961853027,10.039999961853027
823,2015-09-25 04:00:00,10.039999961853027,10.039999961853027,10.039999961853027,10.039999961853027
824,2015-09-28 04:00:00,10.039999961853027,10.039999961853027,10.039999961853027,10.039999961853027
825,2015-09-29 04:00:00,10.039999961853027,10.039999961853027,10.039999961853027,10.039999961853027
826,2015-09-30 04:00:00,10.039999961853027,10.039999961853027,10.039999961853027,10.039999961853027
827,2015-10-01 04:00:00,10.039999961853027,10.039999961853027,10.039999961853027,10.039999961853027
828,2015-10-02 04:00:00,10.039999961853027,10.039999961853027,10.039999961853027,10.039999961853027
829,2015-10-05 04:00:00,10.039999961853027,10.039999961853027,10.039999961853027,10.039999961853027
830,2015-10-06 04:00:00,10.039999961853027,10.039999961853027,10.039999961853027,10.039999961853027
831,2015-10-07 04:00:00,10.039999961853027,10.039999961853027,10.039999961853027,10.039999961853027
832,2015-10-08 04:00:00,10.039999961853027,10.039999961853027,10.039999961853027,10.039999961853027
833,2015-10-09 04:00:00,10.039999961853027,10.039999961853027,10.039999961853027,10.039999961853027
834,2015-10-12 04:00:00,10.039999961853027,10.039999961853027,10.039999961853027,10.039999961853027
835,2015-10-13 04:00:00,10.039999961853027,10.039999961853027,10.039999961853027,10.039999961853027
836,2015-10-14 04:00:00,10.039999961853027,10.039999961853027,10.039999961853027,10.039999961853027
837,2015-10-15 04:00:00,10.039999961853027,10.039999961853027,10.039999961853027,10.039999961853027
838,2015-10-16 04:00:00,10.039999961853027,10.039999961853027,10.039999961853027,10.039999961853027
839,2015-10-19 04:00:00,10.039999961853027,10.039999961853027,10.039999961853027,10.039999961853027
840,2015-10-20 04:00:00,10.039999961853027,10.039999961853027,10.039999961853027,10.039999961853027
841,2015-10-21 04:00:00,10.039999961853027,10.039999961853027,10.039999961853027,10.039999961853027
842,2015-10-22 04:00:00,10.039999961853027,10.039999961853027,10.039999961853027,10.039999961853027
843,2015-10-23 04:00:00,10.039999961853027,10.039999961853027,10.039999961853027,10.039999961853027
844,2015-10-26 04:00:00,10.039999961853027,10.039999961853027,10.039999961853027,10.039999961853027
845,2015-10-27 04:00:00,10.039999961853027,10.039999961853027,10.039999961853027,10.039999961853027
846,2015-10-28 04:00:00,10.039999961853027,10.039999961853027,10.039999961853027,10.039999961853027
847,2015-10-29 04:00:00,10.039999961853027,10.039999961853027,10.039999961853027,10.039999961853027
848,2015-10-30 04:00:00,10.039999961853027,10.039999961853027,10.039999961853027,10.039999961853027
849,2015-11-02 05:00:00,10.039999961853027,10.039999961853027,10.039999961853027,10.039999961853027
850,2015-11-03 05:00:00,10.039999961853027,10.039999961853027,10.039999961853027,10.039999961853027
851,2015-11-04 05:00:00,10.039999961853027,10.039999961853027,10.039999961853027,10.039999961853027
852,2015-11-05 05:00:00,10.039999961853027,10.039999961853027,10.039999961853027,10.039999961853027
853,2015-11-06 05:00:00,10.039999961853027,10.039999961853027,10.039999961853027,10.039999961853027
854,2015-11-09 05:00:00,10.039999961853027,10.039999961853027,10.039999961853027,10.039999961853027
855,2015-11-10 05:00:00,10.039999961853027,10.039999961853027,10.039999961853027,10.039999961853027
856,2015-11-11 05:00:00,10.039999961853027,10.039999961853027,10.039999961853027,10.039999961853027
857,2015-11-12 05:00:00,10.039999961853027,10.039999961853027,10.039999961853027,10.039999961853027
858,2015-11-13 05:00:00,10.039999961853027,10.039999961853027,10.039999961853027,10.039999961853027
859,2015-11-16 05:00:00,10.039999961853027,10.039999961853027,10.039999961853027,10.039999961853027
860,2015-11-17 05:00:00,10.039999961853027,10.039999961853027,10.039999961853027,10.039999961853027
861,2015-11-18 05:00:00,10.039999961853027,10.039999961853027,10.039999961853027,10.039999961853027
862,2015-11-19 05:00:00,10.039999961853027,10.039999961853027,10.039999961853027,10.039999961853027
863,2015-11-20 05:00:00,10.039999961853027,10.039999961853027,10.039999961853027,10.039999961853027
864,2015-11-23 05:00:00,10.039999961853027,10.039999961853027,10.039999961853027,10.039999961853027
865,2015-11-24 05:00:00,10.039999961853027,10.039999961853027,10.039999961853027,10.039999961853027
866,2015-11-25 05:00:00,10.039999961853027,10.039999961853027,10.039999961853027,10.039999961853027
867,2015-11-27 05:00:00,10.039999961853027,10.039999961853027,10.039999961853027,10.039999961853027
868,2015-11-30 05:00:00,10.039999961853027,10.039999961853027,10.039999961853027,10.039999961853027
869,2015-12-01 05:00:00,10.039999961853027,10.039999961853027,10.039999961853027,10.039999961853027
870,2015-12-02 05:00:00,10.039999961853027,10.039999961853027,10.039999961853027,10.039999961853027
871,2015-12-03 05:00:00,10.039999961853027,10.039999961853027,10.039999961853027,10.039999961853027
872,2015-12-04 05:00:00,10.039999961853027,10.039999961853027,10.039999961853027,10.039999961853027
873,2015-12-07 05:00:00,10.039999961853027,10.039999961853027,10.039999961853027,10.039999961853027
874,2015-12-08 05:00:00,10.039999961853027,10.039999961853027,10.039999961853027,10.039999961853027
875,2015-12-09 05:00:00,10.039999961853027,10.039999961853027,10.039999961853027,10.039999961853027
876,2015-12-10 05:00:00,10.039999961853027,10.039999961853027,10.039999961853027,10.039999961853027
877,2015-12-11 05:00:00,10.039999961853027,10.039999961853027,10.039999961853027,10.039999961853027
878,2015-12-14 05:00:00,10.039999961853027,10.039999961853027,10.039999961853027,10.039999961853027
879,2015-12-15 05:00:00,10.039999961853027,10.039999961853027,10.039999961853027,10.039999961853027
880,2015-12-16 05:00:00,10.039999961853027,10.039999961853027,10.039999961853027,10.039999961853027
881,2015-12-17 05:00:00,10.039999961853027,10.039999961853027,10.039999961853027,10.039999961853027
882,2015-12-18 05:00:00,10.039999961853027,10.039999961853027,10.039999961853027,10.039999961853027
883,2015-12-21 05:00:00,10.039999961853027,10.039999961853027,10.039999961853027,10.039999961853027
884,2015-12-22 05:00:00,10.039999961853027,10.039999961853027,10.039999961853027,10.039999961853027
885,2015-12-23 05:00:00,10.039999961853027,10.039999961853027,10.039999961853027,10.039999961853027
886,2015-12-24 05:00:00,10.039999961853027,10.039999961853027,10.039999961853027,10.039999961853027
887,2015-12-28 05:00:00,10.039999961853027,10.039999961853027,10.039999961853027,10.039999961853027
888,2015-12-29 05:00:00,10.039999961853027,10.039999961853027,10.039999961853027,10.039999961853027
889,2015-12-30 05:00:00,10.039999961853027,10.039999961853027,10.039999961853027,10.039999961853027
890,2015-12-31 05:00:00,10.039999961853027,10.039999961853027,10.039999961853027,10.039999961853027
891,2016-01-04 05:00:00,10.039999961853027,10.039999961853027,10.039999961853027,10.039999961853027
892,2016-01-05 05:00:00,10.039999961853027,10.039999961853027,10.039999961853027,10.039999961853027
893,2016-01-06 05:00:00,10.039999961853027,10.039999961853027,10.039999961853027,10.039999961853027
894,2016-01-07 05:00:00,10.039999961853027,10.039999961853027,10.039999961853027,10.039999961853027
895,2016-01-08 05:00:00,10.039999961853027,10.039999961853027,10.039999961853027,10.039999961853027
896,2016-01-11 05:00:00,10.039999961853027,10.039999961853027,10.039999961853027,10.039999961853027
897,2016-01-12 05:00:00,10.039999961853027,10.039999961853027,10.039999961853027,10.039999961853027
898,2016-01-13 05:00:00,10.039999961853027,10.039999961853027,10.039999961853027,10.039999961853027
899,2016-01-14 05:00:00,10.039999961853027,10.039999961853027,10.039999961853027,10.039999961853027
900,2016-01-15 05:00:00,10.039999961853027,10.039999961853027,10.039999961853027,10.039999961853027
901,2016-01-19 05:00:00,10.039999961853027,10.039999961853027,10.039999961853027,10.039999961853027
902,2016-01-20 05:00:00,10.039999961853027,10.039999961853027,10.039999961853027,10.039999961853027
903,2016-01-21 05:00:00,10.039999961853027,10.039999961853027,10.039999961853027,10.039999961853027
904,2016-01-22 05:00:00,10.039999961853027,10.039999961853027,10.039999961853027,10.039999961853027
905,2016-01-25 05:00:00,10.039999961853027,10.039999961853027,10.039999961853027,10.039999961853027
906,2016-01-26 05:00:00,10.039999961853027,10.039999961853027,10.039999961853027,10.039999961853027
907,2016-01-27 05:00:00,10.039999961853027,10.039999961853027,10.039999961853027,10.039999961853027
908,2016-01-28 05:00:00,10.039999961853027,10.039999961853027,10.039999961853027,10.039999961853027
909,2016-01-29 05:00:00,10.039999961853027,10.039999961853027,10.039999961853027,10.039999961853027
910,2016-02-01 05:00:00,10.039999961853027,10.039999961853027,10.039999961853027,10.039999961853027
911,2016-02-02 05:00:00,10.039999961853027,10.039999961853027,10.039999961853027,10.039999961853027
912,2016-02-03 05:00:00,10.039999961853027,10.039999961853027,10.039999961853027,10.039999961853027
913,2016-02-04 05:00:00,10.039999961853027,10.039999961853027,10.039999961853027,10.039999961853027
914,2016-02-05 05:00:00,10.039999961853027,10.039999961853027,10.039999961853027,10.039999961853027
915,2016-02-08 05:00:00,10.039999961853027,10.039999961853027,10.039999961853027,10.039999961853027
916,2016-02-09 05:00:00,10.039999961853027,10.039999961853027,10.039999961853027,10.039999961853027
917,2016-02-10 05:00:00,10.039999961853027,10.039999961853027,10.039999961853027,10.039999961853027
918,2016-02-11 05:00:00,10.039999961853027,10.039999961853027,10.039999961853027,10.039999961853027
919,2016-02-12 05:00:00,10.039999961853027,10.039999961853027,10.039999961853027,10.039999961853027
920,2016-02-16 05:00:00,10.039999961853027,10.039999961853027,10.039999961853027,10.039999961853027
921,2016-02-17 05:00:00,10.039999961853027,10.039999961853027,10.039999961853027,10.039999961853027
922,2016-02-18 05:00:00,10.039999961853027,10.039999961853027,10.039999961853027,10.039999961853027
923,2016-02-19 05:00:00,10.039999961853027,10.039999961853027,10.039999961853027,10.039999961853027
924,2016-02-22 05:00:00,10.039999961853027,10.039999961853027,10.039999961853027,10.039999961853027
925,2016-02-23 05:00:00,10.039999961853027,10.039999961853027,10.039999961853027,10.039999961853027
926,2016-02-24 05:00:00,10.039999961853027,10.039999961853027,10.039999961853027,10.039999961853027
927,2016-02-25 05:00:00,10.039999961853027,10.039999961853027,10.039999961853027,10.039999961853027
928,2016-02-26 05:00:00,10.039999961853027,10.039999961853027,10.039999961853027,10.039999961853027
929,2016-02-29 05:00:00,10.039999961853027,10.039999961853027,10.039999961853027,10.039999961853027
930,2016-03-01 05:00:00,10.039999961853027,10.039999961853027,10.039999961853027,10.039999961853027
931,2016-03-02 05:00:00,10.039999961853027,10.039999961853027,10.039999961853027,10.039999961853027
932,2016-03-03 05:00:00,10.039999961853027,10.039999961853027,10.039999961853027,10.039999961853027
933,2016-03-04 05:00:00,10.039999961853027,10.039999961853027,10.039999961853027,10.039999961853027
934,2016-03-07 05:00:00,10.039999961853027,10.039999961853027,10.039999961853027,10.039999961853027
935,2016-03-08 05:00:00,10.039999961853027,10.039999961853027,10.039999961853027,10.039999961853027
936,2016-03-09 05:00:00,10.039999961853027,10.039999961853027,10.039999961853027,10.039999961853027
937,2016-03-10 05:00:00,10.039999961853027,10.039999961853027,10.039999961853027,10.039999961853027
938,2016-03-11 05:00:00,10.039999961853027,10.039999961853027,10.039999961853027,10.039999961853027
939,2016-03-14 04:00:00,10.039999961853027,10.039999961853027,10.039999961853027,10.039999961853027
940,2016-03-15 04:00:00,10.039999961853027,10.039999961853027,10.039999961853027,10.039999961853027
941,2016-03-16 04:00:00,10.039999961853027,10.039999961853027,10.039999961853027,10.039999961853027
942,2016-03-17 04:00:00,10.039999961853027,10.039999961853027,10.039999961853027,10.039999961853027
943,2016-03-18 04:00:00,10.039999961853027,10.039999961853027,10.039999961853027,10.039999961853027
944,2016-03-21 04:00:00,10.039999961853027,10.039999961853027,10.039999961853027,10.039999961853027
945,2016-03-22 04:00:00,10.039999961853027,10.039999961853027,10.039999961853027,10.039999961853027
946,2016-03-23 04:00:00,10.039999961853027,10.039999961853027,10.039999961853027,10.039999961853027
947,2016-03-24 04:00:00,10.039999961853027,10.039999961853027,10.039999961853027,10.039999961853027
948,2016-03-28 04:00:00,10.039999961853027,10.039999961853027,10.039999961853027,10.039999961853027
949,2016-03-29 04:00:00,10.039999961853027,10.039999961853027,10.039999961853027,10.039999961853027
950,2016-03-30 04:00:00,10.039999961853027,10.039999961853027,10.039999961853027,10.039999961853027
951,2016-03-31 04:00:00,10.039999961853027,10.039999961853027,10.039999961853027,10.039999961853027
952,2016-04-01 04:00:00,10.039999961853027,10.039999961853027,10.039999961853027,10.039999961853027
953,2016-04-04 04:00:00,10.039999961853027,10.039999961853027,10.039999961853027,10.039999961853027
954,2016-04-05 04:00:00,10.039999961853027,10.039999961853027,10.039999961853027,10.039999961853027
955,2016-04-06 04:00:00,10.039999961853027,10.039999961853027,10.039999961853027,10.039999961853027
956,2016-04-07 04:00:00,10.039999961853027,10.039999961853027,10.039999961853027,10.039999961853027
957,2016-04-08 04:00:00,10.039999961853027,10.039999961853027,10.039999961853027,10.039999961853027
958,2016-04-11 04:00:00,10.039999961853027,10.039999961853027,10.039999961853027,10.039999961853027
959,2016-04-12 04:00:00,10.039999961853027,10.039999961853027,10.039999961853027,10.039999961853027
960,2016-04-13 04:00:00,10.039999961853027,10.039999961853027,10.039999961853027,10.039999961853027
961,2016-04-14 04:00:00,10.039999961853027,10.039999961853027,10.039999961853027,10.039999961853027
962,2016-04-15 04:00:00,10.039999961853027,10.039999961853027,10.039999961853027,10.039999961853027
963,2016-04-18 04:00:00,10.039999961853027,10.039999961853027,10.039999961853027,10.039999961853027
964,2016-04-19 04:00:00,10.039999961853027,10.039999961853027,10.039999961853027,10.039999961853027
965,2016-04-20 04:00:00,10.039999961853027,10.039999961853027,10.039999961853027,10.039999961853027
966,2016-04-21 04:00:00,10.039999961853027,10.039999961853027,10.039999961853027,10.039999961853027
967,2016-04-22 04:00:00,10.039999961853027,10.039999961853027,10.039999961853027,10.039999961853027
968,2016-04-25 04:00:00,10.039999961853027,10.039999961853027,10.039999961853027,10.039999961853027
969,2016-04-26 04:00:00,10.039999961853027,10.039999961853027,10.039999961853027,10.039999961853027
970,2016-04-27 04:00:00,10.039999961853027,10.039999961853027,10.039999961853027,10.039999961853027
971,2016-04-28 04:00:00,10.039999961853027,10.039999961853027,10.039999961853027,10.039999961853027
972,2016-04-29 04:00:00,10.039999961853027,10.039999961853027,10.039999961853027,10.039999961853027
973,2016-05-02 04:00:00,10.039999961853027,10.039999961853027,10.039999961853027,10.039999961853027
974,2016-05-03 04:00:00,10.039999961853027,10.039999961853027,10.039999961853027,10.039999961853027
975,2016-05-04 04:00:00,10.039999961853027,10.039999961853027,10.039999961853027,10.039999961853027
976,2016-05-05 04:00:00,10.039999961853027,10.039999961853027,10.039999961853027,10.039999961853027
977,2016-05-06 04:00:00,10.039999961853027,10.039999961853027,10.039999961853027,10.039999961853027
978,2016-05-09 04:00:00,10.039999961853027,10.039999961853027,10.039999961853027,10.039999961853027
979,2016-05-10 04:00:00,10.039999961853027,10.039999961853027,10.039999961853027,10.039999961853027
980,2016-05-11 04:00:00,10.039999961853027,10.039999961853027,10.039999961853027,10.039999961853027
981,2016-05-12 04:00:00,10.039999961853027,10.039999961853027,10.039999961853027,10.039999961853027
982,2016-05-13 04:00:00,10.039999961853027,10.039999961853027,10.039999961853027,10.039999961853027
983,2016-05-16 04:00:00,10.039999961853027,10.039999961853027,10.039999961853027,10.039999961853027
984,2016-05-17 04:00:00,10.039999961853027,10.039999961853027,10.039999961853027,10.039999961853027
985,2016-05-18 04:00:00,10.039999961853027,10.039999961853027,10.039999961853027,10.039999961853027
986,2016-05-19 04:00:00,10.039999961853027,10.039999961853027,10.039999961853027,10.039999961853027
987,2016-05-20 04:00:00,10.039999961853027,10.039999961853027,10.039999961853027,10.039999961853027
988,2016-05-23 04:00:00,10.039999961853027,10.039999961853027,10.039999961853027,10.039999961853027
989,2016-05-24 04:00:00,10.039999961853027,10.039999961853027,10.039999961853027,10.039999961853027
990,2016-05-25 04:00:00,10.039999961853027,10.039999961853027,10.039999961853027,10.039999961853027
991,2016-05-26 04:00:00,10.039999961853027,10.039999961853027,10.039999961853027,10.039999961853027
992,2016-05-27 04:00:00,10.039999961853027,10.039999961853027,10.039999961853027,10.039999961853027
993,2016-05-31 04:00:00,10.039999961853027,10.039999961853027,10.039999961853027,10.039999961853027
994,2016-06-01 04:00:00,10.039999961853027,10.039999961853027,10.039999961853027,10.039999961853027
995,2016-06-02 04:00:00,10.039999961853027,10.039999961853027,10.039999961853027,10.039999961853027
996,2016-06-03 04:00:00,10.039999961853027,10.039999961853027,10.039999961853027,10.039999961853027
997,2016-06-06 04:00:00,10.039999961853027,10.039999961853027,10.039999961853027,10.039999961853027
998,2016-06-07 04:00:00,10.039999961853027,10.039999961853027,10.039999961853027,10.039999961853027
999,2016-06-08 04:00:00,10.039999961853027,10.039999961853027,10.039999961853027,10.039999961853027
1000,2016-06-09 04:00:00,10.039999961853027,10.039999961853027,10.039999961853027,10.039999961853027
1001,2016-06-10 04:00:00,10.039999961853027,10.039999961853027,10.039999961853027,10.039999961853027
1002,2016-06-13 04:00:00,10.039999961853027,10.039999961853027,10.039999961853027,10.039999961853027
1003,2016-06-14 04:00:00,10.039999961853027,10.039999961853027,10.039999961853027,10.039999961853027
1004,2016-06-15 04:00:00,10.039999961853027,10.039999961853027,10.039999961853027,10.039999961853027
1005,2016-06-16 04:00:00,10.039999961853027,10.039999961853027,10.039999961853027,10.039999961853027
1006,2016-06-17 04:00:00,10.039999961853027,10.039999961853027,10.039999961853027,10.039999961853027
1007,2016-06-20 04:00:00,10.039999961853027,10.039999961853027,10.039999961853027,10.039999961853027
1008,2016-06-21 04:00:00,10.039999961853027,10.039999961853027,10.039999961853027,10.039999961853027
1009,2016-06-22 04:00:00,10.039999961853027,10.039999961853027,10.039999961853027,10.039999961853027
1010,2016-06-23 04:00:00,10.039999961853027,10.039999961853027,10.039999961853027,10.039999961853027
1011,2016-06-24 04:00:00,10.039999961853027,10.039999961853027,10.039999961853027,10.039999961853027
1012,2016-06-27 04:00:00,10.039999961853027,10.039999961853027,10.039999961853027,10.039999961853027
1013,2016-06-28 04:00:00,10.039999961853027,10.039999961853027,10.039999961853027,10.039999961853027
1014,2016-06-29 04:00:00,10.039999961853027,10.039999961853027,10.039999961853027,10.039999961853027
1015,2016-06-30 04:00:00,10.039999961853027,10.039999961853027,10.039999961853027,10.039999961853027
1016,2016-07-01 04:00:00,10.039999961853027,10.039999961853027,10.039999961853027,10.039999961853027
1017,2016-07-05 04:00:00,10.039999961853027,10.039999961853027,10.039999961853027,10.039999961853027
1018,2016-07-06 04:00:00,10.039999961853027,10.039999961853027,10.039999961853027,10.039999961853027
1019,2016-07-07 04:00:00,10.039999961853027,10.039999961853027,10.039999961853027,10.039999961853027
1020,2016-07-08 04:00:00,10.039999961853027,10.039999961853027,10.039999961853027,10.039999961853027
1021,2016-07-11 04:00:00,10.039999961853027,10.039999961853027,10.039999961853027,10.039999961853027
1022,2016-07-12 04:00:00,10.039999961853027,10.039999961853027,10.039999961853027,10.039999961853027
1023,2016-07-13 04:00:00,10.039999961853027,10.039999961853027,10.039999961853027,10.039999961853027
1024,2016-07-14 04:00:00,10.039999961853027,10.039999961853027,10.039999961853027,10.039999961853027
1025,2016-07-15 04:00:00,10.039999961853027,10.039999961853027,10.039999961853027,10.039999961853027
1026,2016-07-18 04:00:00,10.039999961853027,10.039999961853027,10.039999961853027,10.039999961853027
1027,2016-07-19 04:00:00,10.039999961853027,10.039999961853027,10.039999961853027,10.039999961853027
1028,2016-07-20 04:00:00,10.039999961853027,10.039999961853027,10.039999961853027,10.039999961853027
1029,2016-07-21 04:00:00,10.039999961853027,10.039999961853027,10.039999961853027,10.039999961853027
1030,2016-07-22 04:00:00,10.039999961853027,10.039999961853027,10.039999961853027,10.039999961853027
1031,2016-07-25 04:00:00,10.039999961853027,10.039999961853027,10.039999961853027,10.039999961853027
1032,2016-07-26 04:00:00,10.039999961853027,10.039999961853027,10.039999961853027,10.039999961853027
1033,2016-07-27 04:00:00,10.039999961853027,10.039999961853027,10.039999961853027,10.039999961853027
1034,2016-07-28 04:00:00,10.039999961853027,10.039999961853027,10.039999961853027,10.039999961853027
1035,2016-07-29 04:00:00,10.039999961853027,10.039999961853027,10.039999961853027,10.039999961853027
1036,2016-08-01 04:00:00,10.039999961853027,10.039999961853027,10.039999961853027,10.039999961853027
1037,2016-08-02 04:00:00,10.039999961853027,10.039999961853027,10.039999961853027,10.039999961853027
1038,2016-08-03 04:00:00,10.039999961853027,10.039999961853027,10.039999961853027,10.039999961853027
1039,2016-08-04 04:00:00,10.039999961853027,10.039999961853027,10.039999961853027,10.039999961853027
1040,2016-08-05 04:00:00,10.039999961853027,10.039999961853027,10.039999961853027,10.039999961853027
1041,2016-08-08 04:00:00,10.039999961853027,10.039999961853027,10.039999961853027,10.039999961853027
1042,2016-08-09 04:00:00,10.039999961853027,10.039999961853027,10.039999961853027,10.039999961853027
1043,2016-08-10 04:00:00,10.039999961853027,10.039999961853027,10.039999961853027,10.039999961853027
1044,2016-08-11 04:00:00,10.039999961853027,10.039999961853027,10.039999961853027,10.039999961853027
1045,2016-08-12 04:00:00,10.039999961853027,10.039999961853027,10.039999961853027,10.039999961853027
1046,2016-08-15 04:00:00,10.039999961853027,10.039999961853027,10.039999961853027,10.039999961853027
1047,2016-08-16 04:00:00,10.039999961853027,10.039999961853027,10.039999961853027,10.039999961853027
1048,2016-08-17 04:00:00,10.039999961853027,10.039999961853027,10.039999961853027,10.039999961853027
1049,2016-08-18 04:00:00,10.039999961853027,10.039999961853027,10.039999961853027,10.039999961853027
1050,2016-08-19 04:00:00,10.039999961853027,10.039999961853027,10.039999961853027,10.039999961853027
1051,2016-08-22 04:00:00,10.039999961853027,10.039999961853027,10.039999961853027,10.039999961853027
1052,2016-08-23 04:00:00,10.039999961853027,10.039999961853027,10.039999961853027,10.039999961853027
1053,2016-08-24 04:00:00,10.039999961853027,10.039999961853027,10.039999961853027,10.039999961853027
1054,2016-08-25 04:00:00,10.039999961853027,10.039999961853027,10.039999961853027,10.039999961853027
1055,2016-08-26 04:00:00,10.039999961853027,10.039999961853027,10.039999961853027,10.039999961853027
1056,2016-08-29 04:00:00,10.039999961853027,10.039999961853027,10.039999961853027,10.039999961853027
1057,2016-08-30 04:00:00,10.039999961853027,10.039999961853027,10.039999961853027,10.039999961853027
1058,2016-08-31 04:00:00,10.039999961853027,10.039999961853027,10.039999961853027,10.039999961853027
1059,2016-09-01 04:00:00,10.039999961853027,10.039999961853027,10.039999961853027,10.039999961853027
1060,2016-09-02 04:00:00,10.039999961853027,10.039999961853027,10.039999961853027,10.039999961853027
1061,2016-09-06 04:00:00,10.039999961853027,10.039999961853027,10.039999961853027,10.039999961853027
1062,2016-09-07 04:00:00,10.039999961853027,10.039999961853027,10.039999961853027,10.039999961853027
1063,2016-09-08 04:00:00,10.039999961853027,10.039999961853027,10.039999961853027,10.039999961853027
1064,2016-09-09 04:00:00,10.039999961853027,10.039999961853027,10.039999961853027,10.039999961853027
1065,2016-09-12 04:00:00,10.039999961853027,10.039999961853027,10.039999961853027,10.039999961853027
1066,2016-09-13 04:00:00,10.039999961853027,10.039999961853027,10.039999961853027,10.039999961853027
1067,2016-09-14 04:00:00,10.039999961853027,10.039999961853027,10.039999961853027,10.039999961853027
1068,2016-09-15 04:00:00,10.039999961853027,10.039999961853027,10.039999961853027,10.039999961853027
1069,2016-09-16 04:00:00,10.039999961853027,10.039999961853027,10.039999961853027,10.039999961853027
1070,2016-09-19 04:00:00,10.039999961853027,10.039999961853027,10.039999961853027,10.039999961853027
1071,2016-09-20 04:00:00,10.039999961853027,10.039999961853027,10.039999961853027,10.039999961853027
1072,2016-09-21 04:00:00,10.039999961853027,10.039999961853027,10.039999961853027,10.039999961853027
1073,2016-09-22 04:00:00,10.039999961853027,10.039999961853027,10.039999961853027,10.039999961853027
1074,2016-09-23 04:00:00,10.039999961853027,10.039999961853027,10.039999961853027,10.039999961853027
1075,2016-09-26 04:00:00,10.039999961853027,10.039999961853027,10.039999961853027,10.039999961853027
1076,2016-09-27 04:00:00,10.039999961853027,10.039999961853027,10.039999961853027,10.039999961853027
1077,2016-09-28 04:00:00,10.039999961853027,10.039999961853027,10.039999961853027,10.039999961853027
1078,2016-09-29 04:00:00,10.039999961853027,10.039999961853027,10.039999961853027,10.039999961853027
1079,2016-09-30 04:00:00,10.039999961853027,10.039999961853027,10.039999961853027,10.039999961853027
1080,2016-10-03 04:00:00,10.039999961853027,10.039999961853027,10.039999961853027,10.039999961853027
1081,2016-10-04 04:00:00,10.039999961853027,10.039999961853027,10.039999961853027,10.039999961853027
1082,2016-10-05 04:00:00,10.039999961853027,10.039999961853027,10.039999961853027,10.039999961853027
1083,2016-10-06 04:00:00,10.039999961853027,10.039999961853027,10.039999961853027,10.039999961853027
1084,2016-10-07 04:00:00,10.039999961853027,10.039999961853027,10.039999961853027,10.039999961853027
1085,2016-10-10 04:00:00,10.039999961853027,10.039999961853027,10.039999961853027,10.039999961853027
1086,2016-10-11 04:00:00,10.039999961853027,10.039999961853027,10.039999961853027,10.039999961853027
1087,2016-10-12 04:00:00,10.039999961853027,10.039999961853027,10.039999961853027,10.039999961853027
1088,2016-10-13 04:00:00,10.039999961853027,10.039999961853027,10.039999961853027,10.039999961853027
1089,2016-10-14 04:00:00,10.039999961853027,10.039999961853027,10.039999961853027,10.039999961853027
1090,2016-10-17 04:00:00,10.039999961853027,10.039999961853027,10.039999961853027,10.039999961853027
1091,2016-10-18 04:00:00,10.039999961853027,10.039999961853027,10.039999961853027,10.039999961853027
1092,2016-10-19 04:00:00,10.039999961853027,10.039999961853027,10.039999961853027,10.039999961853027
1093,2016-10-20 04:00:00,10.039999961853027,10.039999961853027,10.039999961853027,10.039999961853027
1094,2016-10-21 04:00:00,10.039999961853027,10.039999961853027,10.039999961853027,10.039999961853027
1095,2016-10-24 04:00:00,10.039999961853027,10.039999961853027,10.039999961853027,10.039999961853027
1096,2016-10-25 04:00:00,10.039999961853027,10.039999961853027,10.039999961853027,10.039999961853027
1097,2016-10-26 04:00:00,10.039999961853027,10.039999961853027,10.039999961853027,10.039999961853027
1098,2016-10-27 04:00:00,10.039999961853027,10.039999961853027,10.039999961853027,10.039999961853027
1099,2016-10-28 04:00:00,10.039999961853027,10.039999961853027,10.039999961853027,10.039999961853027
1100,2016-10-31 04:00:00,10.039999961853027,10.039999961853027,10.039999961853027,10.039999961853027
1101,2016-11-01 04:00:00,10.039999961853027,10.039999961853027,10.039999961853027,10.039999961853027
1102,2016-11-02 04:00:00,10.039999961853027,10.039999961853027,10.039999961853027,10.039999961853027
1103,2016-11-03 04:00:00,10.039999961853027,10.039999961853027,10.039999961853027,10.039999961853027
1104,2016-11-04 04:00:00,10.039999961853027,10.039999961853027,10.039999961853027,10.039999961853027
1105,2016-11-07 05:00:00,10.039999961853027,10.039999961853027,10.039999961853027,10.039999961853027
1106,2016-11-08 05:00:00,10.039999961853027,10.039999961853027,10.039999961853027,10.039999961853027
1107,2016-11-09 05:00:00,10.039999961853027,10.039999961853027,10.039999961853027,10.039999961853027
1108,2016-11-10 05:00:00,10.039999961853027,10.039999961853027,10.039999961853027,10.039999961853027
1109,2016-11-11 05:00:00,10.039999961853027,10.039999961853027,10.039999961853027,10.039999961853027
1110,2016-11-14 05:00:00,10.039999961853027,10.039999961853027,10.039999961853027,10.039999961853027
1111,2016-11-15 05:00:00,10.039999961853027,10.039999961853027,10.039999961853027,10.039999961853027
1112,2016-11-16 05:00:00,10.039999961853027,10.039999961853027,10.039999961853027,10.039999961853027
1113,2016-11-17 05:00:00,10.039999961853027,10.039999961853027,10.039999961853027,10.039999961853027
1114,2016-11-18 05:00:00,10.039999961853027,10.039999961853027,10.039999961853027,10.039999961853027
1115,2016-11-21 05:00:00,10.039999961853027,10.039999961853027,10.039999961853027,10.039999961853027
1116,2016-11-22 05:00:00,10.039999961853027,10.039999961853027,10.039999961853027,10.039999961853027
1117,2016-11-23 05:00:00,10.039999961853027,10.039999961853027,10.039999961853027,10.039999961853027
1118,2016-11-25 05:00:00,10.039999961853027,10.039999961853027,10.039999961853027,10.039999961853027
1119,2016-11-28 05:00:00,10.039999961853027,10.039999961853027,10.039999961853027,10.039999961853027
1120,2016-11-29 05:00:00,10.039999961853027,10.039999961853027,10.039999961853027,10.039999961853027
1121,2016-11-30 05:00:00,10.039999961853027,10.039999961853027,10.039999961853027,10.039999961853027
1122,2016-12-01 05:00:00,10.039999961853027,10.039999961853027,10.039999961853027,10.039999961853027
1123,2016-12-02 05:00:00,10.039999961853027,10.039999961853027,10.039999961853027,10.039999961853027
1124,2016-12-05 05:00:00,10.039999961853027,10.039999961853027,10.039999961853027,10.039999961853027
1125,2016-12-06 05:00:00,10.039999961853027,10.039999961853027,10.039999961853027,10.039999961853027
1126,2016-12-07 05:00:00,10.039999961853027,10.039999961853027,10.039999961853027,10.039999961853027
1127,2016-12-08 05:00:00,10.039999961853027,10.039999961853027,10.039999961853027,10.039999961853027
1128,2016-12-09 05:00:00,10.039999961853027,10.039999961853027,10.039999961853027,10.039999961853027
1129,2016-12-12 05:00:00,10.039999961853027,10.039999961853027,10.039999961853027,10.039999961853027
1130,2016-12-13 05:00:00,10.039999961853027,10.039999961853027,10.039999961853027,10.039999961853027
1131,2016-12-14 05:00:00,10.039999961853027,10.039999961853027,10.039999961853027,10.039999961853027
1132,2016-12-15 05:00:00,10.039999961853027,10.039999961853027,10.039999961853027,10.039999961853027
1133,2016-12-16 05:00:00,10.039999961853027,10.039999961853027,10.039999961853027,10.039999961853027
1134,2016-12-19 05:00:00,10.039999961853027,10.039999961853027,10.039999961853027,10.039999961853027
1135,2016-12-20 05:00:00,10.039999961853027,10.039999961853027,10.039999961853027,10.039999961853027
1136,2016-12-21 05:00:00,10.039999961853027,10.039999961853027,10.039999961853027,10.039999961853027
1137,2016-12-22 05:00:00,10.039999961853027,10.039999961853027,10.039999961853027,10.039999961853027
1138,2016-12-23 05:00:00,10.039999961853027,10.039999961853027,10.039999961853027,10.039999961853027
1139,2016-12-27 05:00:00,10.039999961853027,10.039999961853027,10.039999961853027,10.039999961853027
1140,2016-12-28 05:00:00,10.039999961853027,10.039999961853027,10.039999961853027,10.039999961853027
1141,2016-12-29 05:00:00,10.039999961853027,10.039999961853027,10.039999961853027,10.039999961853027
1142,2016-12-30 05:00:00,10.039999961853027,10.039999961853027,10.039999961853027,10.039999961853027
1143,2017-01-03 05:00:00,10.039999961853027,10.039999961853027,10.039999961853027,10.039999961853027
1144,2017-01-04 05:00:00,10.039999961853027,10.039999961853027,10.039999961853027,10.039999961853027
1145,2017-01-05 05:00:00,10.039999961853027,10.039999961853027,10.039999961853027,10.039999961853027
1146,2017-01-06 05:00:00,10.039999961853027,10.039999961853027,10.039999961853027,10.039999961853027
1147,2017-01-09 05:00:00,10.039999961853027,10.039999961853027,10.039999961853027,10.039999961853027
1148,2017-01-10 05:00:00,10.039999961853027,10.039999961853027,10.039999961853027,10.039999961853027
1149,2017-01-11 05:00:00,10.039999961853027,10.039999961853027,10.039999961853027,10.039999961853027
1150,2017-01-12 05:00:00,10.039999961853027,10.039999961853027,10.039999961853027,10.039999961853027
1151,2017-01-13 05:00:00,10.039999961853027,10.039999961853027,10.039999961853027,10.039999961853027
1152,2017-01-17 05:00:00,10.039999961853027,10.039999961853027,10.039999961853027,10.039999961853027
1153,2017-01-18 05:00:00,10.039999961853027,10.039999961853027,10.039999961853027,10.039999961853027
1154,2017-01-19 05:00:00,10.039999961853027,10.039999961853027,10.039999961853027,10.039999961853027
1155,2017-01-20 05:00:00,10.039999961853027,10.039999961853027,10.039999961853027,10.039999961853027
1156,2017-01-23 05:00:00,10.039999961853027,10.039999961853027,10.039999961853027,10.039999961853027
1157,2017-01-24 05:00:00,10.039999961853027,10.039999961853027,10.039999961853027,10.039999961853027
1158,2017-01-25 05:00:00,10.039999961853027,10.039999961853027,10.039999961853027,10.039999961853027
1159,2017-01-26 05:00:00,10.039999961853027,10.039999961853027,10.039999961853027,10.039999961853027
1160,2017-01-27 05:00:00,10.039999961853027,10.039999961853027,10.039999961853027,10.039999961853027
1161,2017-01-30 05:00:00,10.039999961853027,10.039999961853027,10.039999961853027,10.039999961853027
1162,2017-01-31 05:00:00,10.039999961853027,10.039999961853027,10.039999961853027,10.039999961853027
1163,2017-02-01 05:00:00,10.039999961853027,10.039999961853027,10.039999961853027,10.039999961853027
1164,2017-02-02 05:00:00,10.039999961853027,10.039999961853027,10.039999961853027,10.039999961853027
1165,2017-02-03 05:00:00,10.039999961853027,10.039999961853027,10.039999961853027,10.039999961853027
1166,2017-02-06 05:00:00,10.039999961853027,10.039999961853027,10.039999961853027,10.039999961853027
1167,2017-02-07 05:00:00,10.039999961853027,10.039999961853027,10.039999961853027,10.039999961853027
1168,2017-02-08 05:00:00,10.039999961853027,10.039999961853027,10.039999961853027,10.039999961853027
1169,2017-02-09 05:00:00,10.039999961853027,10.039999961853027,10.039999961853027,10.039999961853027
1170,2017-02-10 05:00:00,10.039999961853027,10.039999961853027,10.039999961853027,10.039999961853027
1171,2017-02-13 05:00:00,10.039999961853027,10.039999961853027,10.039999961853027,10.039999961853027
1172,2017-02-14 05:00:00,10.039999961853027,10.039999961853027,10.039999961853027,10.039999961853027
1173,2017-02-15 05:00:00,10.039999961853027,10.039999961853027,10.039999961853027,10.039999961853027
1174,2017-02-16 05:00:00,10.039999961853027,10.039999961853027,10.039999961853027,10.039999961853027
1175,2017-02-17 05:00:00,10.039999961853027,10.039999961853027,10.039999961853027,10.039999961853027
1176,2017-02-21 05:00:00,10.039999961853027,10.039999961853027,10.039999961853027,10.039999961853027
1177,2017-02-22 05:00:00,10.039999961853027,10.039999961853027,10.039999961853027,10.039999961853027
1178,2017-02-23 05:00:00,10.039999961853027,10.039999961853027,10.039999961853027,10.039999961853027
1179,2017-02-24 05:00:00,10.039999961853027,10.039999961853027,10.039999961853027,10.039999961853027
1180,2017-02-27 05:00:00,10.039999961853027,10.039999961853027,10.039999961853027,10.039999961853027
1181,2017-02-28 05:00:00,10.039999961853027,10.039999961853027,10.039999961853027,10.039999961853027
1182,2017-03-01 05:00:00,10.039999961853027,10.039999961853027,10.039999961853027,10.039999961853027
1183,2017-03-02 05:00:00,10.039999961853027,10.039999961853027,10.039999961853027,10.039999961853027
1184,2017-03-03 05:00:00,10.039999961853027,10.039999961853027,10.039999961853027,10.039999961853027
1185,2017-03-06 05:00:00,10.039999961853027,10.039999961853027,10.039999961853027,10.039999961853027
1186,2017-03-07 05:00:00,10.039999961853027,10.039999961853027,10.039999961853027,10.039999961853027
1187,2017-03-08 05:00:00,10.039999961853027,10.039999961853027,10.039999961853027,10.039999961853027
1188,2017-03-09 05:00:00,10.039999961853027,10.039999961853027,10.039999961853027,10.039999961853027
1189,2017-03-10 05:00:00,10.039999961853027,10.039999961853027,10.039999961853027,10.039999961853027
1190,2017-03-13 04:00:00,10.039999961853027,10.039999961853027,10.039999961853027,10.039999961853027
1191,2017-03-14 04:00:00,10.039999961853027,10.039999961853027,10.039999961853027,10.039999961853027
1192,2017-03-15 04:00:00,10.039999961853027,10.039999961853027,10.039999961853027,10.039999961853027
1193,2017-03-16 04:00:00,10.039999961853027,10.039999961853027,10.039999961853027,10.039999961853027
1194,2017-03-17 04:00:00,10.039999961853027,10.039999961853027,10.039999961853027,10.039999961853027
1195,2017-03-20 04:00:00,10.039999961853027,10.039999961853027,10.039999961853027,10.039999961853027
1196,2017-03-21 04:00:00,10.039999961853027,10.039999961853027,10.039999961853027,10.039999961853027
1197,2017-03-22 04:00:00,10.039999961853027,10.039999961853027,10.039999961853027,10.039999961853027
1198,2017-03-23 04:00:00,10.039999961853027,10.039999961853027,10.039999961853027,10.039999961853027
1199,2017-03-24 04:00:00,10.039999961853027,10.039999961853027,10.039999961853027,10.039999961853027
1200,2017-03-27 04:00:00,10.039999961853027,10.039999961853027,10.039999961853027,10.039999961853027
1201,2017-03-28 04:00:00,10.039999961853027,10.039999961853027,10.039999961853027,10.039999961853027
1202,2017-03-29 04:00:00,10.039999961853027,10.039999961853027,10.039999961853027,10.039999961853027
1203,2017-03-30 04:00:00,10.039999961853027,10.039999961853027,10.039999961853027,10.039999961853027
1204,2017-03-31 04:00:00,10.039999961853027,10.039999961853027,10.039999961853027,10.039999961853027
1205,2017-04-03 04:00:00,10.039999961853027,10.039999961853027,10.039999961853027,10.039999961853027
1206,2017-04-04 04:00:00,10.039999961853027,10.039999961853027,10.039999961853027,10.039999961853027
1207,2017-04-05 04:00:00,10.039999961853027,10.039999961853027,10.039999961853027,10.039999961853027
1208,2017-04-06 04:00:00,10.039999961853027,10.039999961853027,10.039999961853027,10.039999961853027
1209,2017-04-07 04:00:00,10.039999961853027,10.039999961853027,10.039999961853027,10.039999961853027
1210,2017-04-10 04:00:00,10.039999961853027,10.039999961853027,10.039999961853027,10.039999961853027
1211,2017-04-11 04:00:00,10.039999961853027,10.039999961853027,10.039999961853027,10.039999961853027
1212,2017-04-12 04:00:00,10.039999961853027,10.039999961853027,10.039999961853027,10.039999961853027
1213,2017-04-13 04:00:00,10.039999961853027,10.039999961853027,10.039999961853027,10.039999961853027
1214,2017-04-17 04:00:00,10.039999961853027,10.039999961853027,10.039999961853027,10.039999961853027
1215,2017-04-18 04:00:00,10.039999961853027,10.039999961853027,10.039999961853027,10.039999961853027
1216,2017-04-19 04:00:00,10.039999961853027,10.039999961853027,10.039999961853027,10.039999961853027
1217,2017-04-20 04:00:00,10.039999961853027,10.039999961853027,10.039999961853027,10.039999961853027
1218,2017-04-21 04:00:00,10.039999961853027,10.039999961853027,10.039999961853027,10.039999961853027
1219,2017-04-24 04:00:00,10.039999961853027,10.039999961853027,10.039999961853027,10.039999961853027
1220,2017-04-25 04:00:00,10.039999961853027,10.039999961853027,10.039999961853027,10.039999961853027
1221,2017-04-26 04:00:00,10.039999961853027,10.039999961853027,10.039999961853027,10.039999961853027
1222,2017-04-27 04:00:00,10.039999961853027,10.039999961853027,10.039999961853027,10.039999961853027
1223,2017-04-28 04:00:00,10.039999961853027,10.039999961853027,10.039999961853027,10.039999961853027
1224,2017-05-01 04:00:00,10.039999961853027,10.039999961853027,10.039999961853027,10.039999961853027
1225,2017-05-02 04:00:00,10.039999961853027,10.039999961853027,10.039999961853027,10.039999961853027
1226,2017-05-03 04:00:00,10.039999961853027,10.039999961853027,10.039999961853027,10.039999961853027
1227,2017-05-04 04:00:00,10.039999961853027,10.039999961853027,10.039999961853027,10.039999961853027
1228,2017-05-05 04:00:00,10.039999961853027,10.039999961853027,10.039999961853027,10.039999961853027
1229,2017-05-08 04:00:00,10.039999961853027,10.039999961853027,10.039999961853027,10.039999961853027
1230,2017-05-09 04:00:00,10.039999961853027,10.039999961853027,10.039999961853027,10.039999961853027
1231,2017-05-10 04:00:00,10.039999961853027,10.039999961853027,10.039999961853027,10.039999961853027
1232,2017-05-11 04:00:00,10.039999961853027,10.039999961853027,10.039999961853027,10.039999961853027
1233,2017-05-12 04:00:00,10.039999961853027,10.039999961853027,10.039999961853027,10.039999961853027
1234,2017-05-15 04:00:00,10.039999961853027,10.039999961853027,10.039999961853027,10.039999961853027
1235,2017-05-16 04:00:00,10.039999961853027,10.039999961853027,10.039999961853027,10.039999961853027
1236,2017-05-17 04:00:00,10.039999961853027,10.039999961853027,10.039999961853027,10.039999961853027
1237,2017-05-18 04:00:00,10.039999961853027,10.039999961853027,10.039999961853027,10.039999961853027
1238,2017-05-19 04:00:00,10.039999961853027,10.039999961853027,10.039999961853027,10.039999961853027
1239,2017-05-22 04:00:00,10.039999961853027,10.039999961853027,10.039999961853027,10.039999961853027
1240,2017-05-23 04:00:00,10.039999961853027,10.039999961853027,10.039999961853027,10.039999961853027
1241,2017-05-24 04:00:00,10.039999961853027,10.039999961853027,10.039999961853027,10.039999961853027
1242,2017-05-25 04:00:00,10.039999961853027,10.039999961853027,10.039999961853027,10.039999961853027
1243,2017-05-26 04:00:00,10.039999961853027,10.039999961853027,10.039999961853027,10.039999961853027
1244,2017-05-30 04:00:00,10.039999961853027,10.039999961853027,10.039999961853027,10.039999961853027
1245,2017-05-31 04:00:00,10.039999961853027,10.039999961853027,10.039999961853027,10.039999961853027
1246,2017-06-01 04:00:00,10.039999961853027,10.039999961853027,10.039999961853027,10.039999961853027
1247,2017-06-02 04:00:00,10.039999961853027,10.039999961853027,10.039999961853027,10.039999961853027
1248,2017-06-05 04:00:00,10.039999961853027,10.039999961853027,10.039999961853027,10.039999961853027
1249,2017-06-06 04:00:00,10.039999961853027,10.039999961853027,10.039999961853027,10.039999961853027
1250,2017-06-07 04:00:00,10.039999961853027,10.039999961853027,10.039999961853027,10.039999961853027
1251,2017-06-08 04:00:00,10.039999961853027,10.039999961853027,10.039999961853027,10.039999961853027
1252,2017-06-09 04:00:00,10.039999961853027,10.039999961853027,10.039999961853027,10.039999961853027
1253,2017-06-12 04:00:00,10.039999961853027,10.039999961853027,10.039999961853027,10.039999961853027
1254,2017-06-13 04:00:00,10.039999961853027,10.039999961853027,10.039999961853027,10.039999961853027
1255,2017-06-14 04:00:00,10.039999961853027,10.039999961853027,10.039999961853027,10.039999961853027
1256,2017-06-15 04:00:00,10.039999961853027,10.039999961853027,10.039999961853027,10.039999961853027
1257,2017-06-16 04:00:00,10.039999961853027,10.039999961853027,10.039999961853027,10.039999961853027
1258,2017-06-19 04:00:00,10.039999961853027,10.039999961853027,10.039999961853027,10.039999961853027
1259,2017-06-20 04:00:00,10.039999961853027,10.039999961853027,10.039999961853027,10.039999961853027
1260,2017-06-21 04:00:00,10.039999961853027,10.039999961853027,10.039999961853027,10.039999961853027
1261,2017-06-22 04:00:00,10.039999961853027,10.039999961853027,10.039999961853027,10.039999961853027
1262,2017-06-23 04:00:00,10.039999961853027,10.039999961853027,10.039999961853027,10.039999961853027
1263,2017-06-26 04:00:00,10.039999961853027,10.039999961853027,10.039999961853027,10.039999961853027
1264,2017-06-27 04:00:00,10.039999961853027,10.039999961853027,10.039999961853027,10.039999961853027
1265,2017-06-28 04:00:00,10.039999961853027,10.039999961853027,10.039999961853027,10.039999961853027
1266,2017-06-29 04:00:00,10.039999961853027,10.039999961853027,10.039999961853027,10.039999961853027
1267,2017-06-30 04:00:00,10.039999961853027,10.039999961853027,10.039999961853027,10.039999961853027
1268,2017-07-03 04:00:00,10.039999961853027,10.039999961853027,10.039999961853027,10.039999961853027
1269,2017-07-05 04:00:00,10.039999961853027,10.039999961853027,10.039999961853027,10.039999961853027
1270,2017-07-06 04:00:00,10.039999961853027,10.039999961853027,10.039999961853027,10.039999961853027
1271,2017-07-07 04:00:00,10.039999961853027,10.039999961853027,10.039999961853027,10.039999961853027
1272,2017-07-10 04:00:00,10.039999961853027,10.039999961853027,10.039999961853027,10.039999961853027
1273,2017-07-11 04:00:00,10.039999961853027,10.039999961853027,10.039999961853027,10.039999961853027
1274,2017-07-12 04:00:00,10.039999961853027,10.039999961853027,10.039999961853027,10.039999961853027
1275,2017-07-13 04:00:00,10.039999961853027,10.039999961853027,10.039999961853027,10.039999961853027
1276,2017-07-14 04:00:00,10.039999961853027,10.039999961853027,10.039999961853027,10.039999961853027
1277,2017-07-17 04:00:00,10.039999961853027,10.039999961853027,10.039999961853027,10.039999961853027
1278,2017-07-18 04:00:00,10.039999961853027,10.039999961853027,10.039999961853027,10.039999961853027
1279,2017-07-19 04:00:00,10.039999961853027,10.039999961853027,10.039999961853027,10.039999961853027
1280,2017-07-20 04:00:00,10.039999961853027,10.039999961853027,10.039999961853027,10.039999961853027
1281,2017-07-21 04:00:00,10.039999961853027,10.039999961853027,10.039999961853027,10.039999961853027
1282,2017-07-24 04:00:00,10.039999961853027,10.039999961853027,10.039999961853027,10.039999961853027
1283,2017-07-25 04:00:00,10.039999961853027,10.039999961853027,10.039999961853027,10.039999961853027
1284,2017-07-26 04:00:00,10.039999961853027,10.039999961853027,10.039999961853027,10.039999961853027
1285,2017-07-27 04:00:00,10.039999961853027,10.039999961853027,10.039999961853027,10.039999961853027
1286,2017-07-28 04:00:00,10.039999961853027,10.039999961853027,10.039999961853027,10.039999961853027
1287,2017-07-31 04:00:00,10.039999961853027,10.039999961853027,10.039999961853027,10.039999961853027
1288,2017-08-01 04:00:00,10.039999961853027,10.039999961853027,10.039999961853027,10.039999961853027
1289,2017-08-02 04:00:00,10.039999961853027,10.039999961853027,10.039999961853027,10.039999961853027
1290,2017-08-03 04:00:00,10.039999961853027,10.039999961853027,10.039999961853027,10.039999961853027
1291,2017-08-04 04:00:00,10.039999961853027,10.039999961853027,10.039999961853027,10.039999961853027
1292,2017-08-07 04:00:00,10.039999961853027,10.039999961853027,10.039999961853027,10.039999961853027
1293,2017-08-08 04:00:00,10.039999961853027,10.039999961853027,10.039999961853027,10.039999961853027
1294,2017-08-09 04:00:00,10.039999961853027,10.039999961853027,10.039999961853027,10.039999961853027
1295,2017-08-10 04:00:00,10.039999961853027,10.039999961853027,10.039999961853027,10.039999961853027
1296,2017-08-11 04:00:00,10.039999961853027,10.039999961853027,10.039999961853027,10.039999961853027
1297,2017-08-14 04:00:00,10.039999961853027,10.039999961853027,10.039999961853027,10.039999961853027
1298,2017-08-15 04:00:00,10.039999961853027,10.039999961853027,10.039999961853027,10.039999961853027
1299,2017-08-16 04:00:00,10.039999961853027,10.039999961853027,10.039999961853027,10.039999961853027
1300,2017-08-17 04:00:00,10.039999961853027,10.039999961853027,10.039999961853027,10.039999961853027
1301,2017-08-18 04:00:00,10.039999961853027,10.039999961853027,10.039999961853027,10.039999961853027
1302,2017-08-21 04:00:00,10.039999961853027,10.039999961853027,10.039999961853027,10.039999961853027
1303,2017-08-22 04:00:00,10.039999961853027,10.039999961853027,10.039999961853027,10.039999961853027
1304,2017-08-23 04:00:00,10.039999961853027,10.039999961853027,10.039999961853027,10.039999961853027
1305,2017-08-24 04:00:00,10.039999961853027,10.039999961853027,10.039999961853027,10.039999961853027
1306,2017-08-25 04:00:00,10.039999961853027,10.039999961853027,10.039999961853027,10.039999961853027
1307,2017-08-28 04:00:00,10.039999961853027,10.039999961853027,10.039999961853027,10.039999961853027
1308,2017-08-29 04:00:00,10.039999961853027,10.039999961853027,10.039999961853027,10.039999961853027
1309,2017-08-30 04:00:00,10.039999961853027,10.039999961853027,10.039999961853027,10.039999961853027
1310,2017-08-31 04:00:00,10.039999961853027,10.039999961853027,10.039999961853027,10.039999961853027
1311,2017-09-01 04:00:00,10.039999961853027,10.039999961853027,10.039999961853027,10.039999961853027
1312,2017-09-05 04:00:00,10.039999961853027,10.039999961853027,10.039999961853027,10.039999961853027
1313,2017-09-06 04:00:00,10.039999961853027,10.039999961853027,10.039999961853027,10.039999961853027
1314,2017-09-07 04:00:00,10.039999961853027,10.039999961853027,10.039999961853027,10.039999961853027
1315,2017-09-08 04:00:00,10.039999961853027,10.039999961853027,10.039999961853027,10.039999961853027
1316,2017-09-11 04:00:00,10.039999961853027,10.039999961853027,10.039999961853027,10.039999961853027
1317,2017-09-12 04:00:00,10.039999961853027,10.039999961853027,10.039999961853027,10.039999961853027
1318,2017-09-13 04:00:00,10.039999961853027,10.039999961853027,10.039999961853027,10.039999961853027
1319,2017-09-14 04:00:00,10.039999961853027,10.039999961853027,10.039999961853027,10.039999961853027
1320,2017-09-15 04:00:00,10.039999961853027,10.039999961853027,10.039999961853027,10.039999961853027
1321,2017-09-18 04:00:00,10.039999961853027,10.039999961853027,10.039999961853027,10.039999961853027
1322,2017-09-19 04:00:00,10.039999961853027,10.039999961853027,10.039999961853027,10.039999961853027
1323,2017-09-20 04:00:00,10.039999961853027,10.039999961853027,10.039999961853027,10.039999961853027
1324,2017-09-21 04:00:00,10.039999961853027,10.039999961853027,10.039999961853027,10.039999961853027
1325,2017-09-22 04:00:00,10.039999961853027,10.039999961853027,10.039999961853027,10.039999961853027
1326,2017-09-25 04:00:00,10.039999961853027,10.039999961853027,10.039999961853027,10.039999961853027
1327,2017-09-26 04:00:00,10.039999961853027,10.039999961853027,10.039999961853027,10.039999961853027
1328,2017-09-27 04:00:00,10.039999961853027,10.039999961853027,10.039999961853027,10.039999961853027
1329,2017-09-28 04:00:00,10.039999961853027,10.039999961853027,10.039999961853027,10.039999961853027
1330,2017-09-29 04:00:00,10.039999961853027,10.039999961853027,10.039999961853027,10.039999961853027
1331,2017-10-02 04:00:00,10.039999961853027,10.039999961853027,10.039999961853027,10.039999961853027
1332,2017-10-03 04:00:00,10.039999961853027,10.039999961853027,10.039999961853027,10.039999961853027
1333,2017-10-04 04:00:00,10.039999961853027,10.039999961853027,10.039999961853027,10.039999961853027
1334,2017-10-05 04:00:00,10.039999961853027,10.039999961853027,10.039999961853027,10.039999961853027
1335,2017-10-06 04:00:00,10.039999961853027,10.039999961853027,10.039999961853027,10.039999961853027
1336,2017-10-09 04:00:00,10.039999961853027,10.039999961853027,10.039999961853027,10.039999961853027
1337,2017-10-10 04:00:00,10.039999961853027,10.039999961853027,10.039999961853027,10.039999961853027
1338,2017-10-11 04:00:00,10.039999961853027,10.039999961853027,10.039999961853027,10.039999961853027
1339,2017-10-12 04:00:00,10.039999961853027,10.039999961853027,10.039999961853027,10.039999961853027
1340,2017-10-13 04:00:00,10.039999961853027,10.039999961853027,10.039999961853027,10.039999961853027
1341,2017-10-16 04:00:00,10.039999961853027,10.039999961853027,10.039999961853027,10.039999961853027
1342,2017-10-17 04:00:00,10.039999961853027,10.039999961853027,10.039999961853027,10.039999961853027
1343,2017-10-18 04:00:00,10.039999961853027,10.039999961853027,10.039999961853027,10.039999961853027
1344,2017-10-19 04:00:00,10.039999961853027,10.039999961853027,10.039999961853027,10.039999961853027
1345,2017-10-20 04:00:00,10.039999961853027,10.039999961853027,10.039999961853027,10.039999961853027
1346,2017-10-23 04:00:00,10.039999961853027,10.039999961853027,10.039999961853027,10.039999961853027
1347,2017-10-24 04:00:00,10.039999961853027,10.039999961853027,10.039999961853027,10.039999961853027
1348,2017-10-25 04:00:00,10.039999961853027,10.039999961853027,10.039999961853027,10.039999961853027
1349,2017-10-26 04:00:00,10.039999961853027,10.039999961853027,10.039999961853027,10.039999961853027
1350,2017-10-27 04:00:00,10.039999961853027,10.039999961853027,10.039999961853027,10.039999961853027
1351,2017-10-30 04:00:00,10.039999961853027,10.039999961853027,10.039999961853027,10.039999961853027
1352,2017-10-31 04:00:00,10.039999961853027,10.039999961853027,10.039999961853027,10.039999961853027
1353,2017-11-01 04:00:00,10.039999961853027,10.039999961853027,10.039999961853027,10.039999961853027
1354,2017-11-02 04:00:00,10.039999961853027,10.039999961853027,10.039999961853027,10.039999961853027
1355,2017-11-03 04:00:00,10.039999961853027,10.039999961853027,10.039999961853027,10.039999961853027
1356,2017-11-06 05:00:00,10.039999961853027,10.039999961853027,10.039999961853027,10.039999961853027
1357,2017-11-07 05:00:00,10.039999961853027,10.039999961853027,10.039999961853027,10.039999961853027
1358,2017-11-08 05:00:00,10.039999961853027,10.039999961853027,10.039999961853027,10.039999961853027
1359,2017-11-09 05:00:00,10.039999961853027,10.039999961853027,10.039999961853027,10.039999961853027
1360,2017-11-10 05:00:00,10.039999961853027,10.039999961853027,10.039999961853027,10.039999961853027
1361,2017-11-13 05:00:00,10.039999961853027,10.039999961853027,10.039999961853027,10.039999961853027
1362,2017-11-14 05:00:00,10.039999961853027,10.039999961853027,10.039999961853027,10.039999961853027
1363,2017-11-15 05:00:00,10.039999961853027,10.039999961853027,10.039999961853027,10.039999961853027
1364,2017-11-16 05:00:00,10.039999961853027,10.039999961853027,10.039999961853027,10.039999961853027
1365,2017-11-17 05:00:00,10.039999961853027,10.039999961853027,10.039999961853027,10.039999961853027
1366,2017-11-20 05:00:00,10.039999961853027,10.039999961853027,10.039999961853027,10.039999961853027
1367,2017-11-21 05:00:00,10.039999961853027,10.039999961853027,10.039999961853027,10.039999961853027
1368,2017-11-22 05:00:00,10.039999961853027,10.039999961853027,10.039999961853027,10.039999961853027
1369,2017-11-24 05:00:00,10.039999961853027,10.039999961853027,10.039999961853027,10.039999961853027
1370,2017-11-27 05:00:00,10.039999961853027,10.039999961853027,10.039999961853027,10.039999961853027
1371,2017-11-28 05:00:00,10.039999961853027,10.039999961853027,10.039999961853027,10.039999961853027
1372,2017-11-29 05:00:00,10.039999961853027,10.039999961853027,10.039999961853027,10.039999961853027
1373,2017-11-30 05:00:00,10.039999961853027,10.039999961853027,10.039999961853027,10.039999961853027
1374,2017-12-01 05:00:00,10.039999961853027,10.039999961853027,10.039999961853027,10.039999961853027
1375,2017-12-04 05:00:00,10.039999961853027,10.039999961853027,10.039999961853027,10.039999961853027
1376,2017-12-05 05:00:00,10.039999961853027,10.039999961853027,10.039999961853027,10.039999961853027
1377,2017-12-06 05:00:00,10.039999961853027,10.039999961853027,10.039999961853027,10.039999961853027
1378,2017-12-07 05:00:00,10.039999961853027,10.039999961853027,10.039999961853027,10.039999961853027
1379,2017-12-08 05:00:00,10.039999961853027,10.039999961853027,10.039999961853027,10.039999961853027
1380,2017-12-11 05:00:00,10.039999961853027,10.039999961853027,10.039999961853027,10.039999961853027
1381,2017-12-12 05:00:00,10.039999961853027,10.039999961853027,10.039999961853027,10.039999961853027
1382,2017-12-13 05:00:00,10.039999961853027,10.039999961853027,10.039999961853027,10.039999961853027
1383,2017-12-14 05:00:00,10.039999961853027,10.039999961853027,10.039999961853027,10.039999961853027
1384,2017-12-15 05:00:00,10.039999961853027,10.039999961853027,10.039999961853027,10.039999961853027
1385,2017-12-18 05:00:00,10.039999961853027,10.039999961853027,10.039999961853027,10.039999961853027
1386,2017-12-19 05:00:00,10.039999961853027,10.039999961853027,10.039999961853027,10.039999961853027
1387,2017-12-20 05:00:00,10.039999961853027,10.039999961853027,10.039999961853027,10.039999961853027
1388,2017-12-21 05:00:00,10.039999961853027,10.039999961853027,10.039999961853027,10.039999961853027
1389,2017-12-22 05:00:00,10.039999961853027,10.039999961853027,10.039999961853027,10.039999961853027
1390,2017-12-26 05:00:00,10.039999961853027,10.039999961853027,10.039999961853027,10.039999961853027
1391,2017-12-27 05:00:00,10.039999961853027,10.039999961853027,10.039999961853027,10.039999961853027
1392,2017-12-28 05:00:00,10.039999961853027,10.039999961853027,10.039999961853027,10.039999961853027
1393,2017-12-29 05:00:00,10.039999961853027,10.039999961853027,10.039999961853027,10.039999961853027
1394,2018-01-02 05:00:00,10.039999961853027,10.039999961853027,10.039999961853027,10.039999961853027
1395,2018-01-03 05:00:00,10.039999961853027,10.039999961853027,10.039999961853027,10.039999961853027
1396,2018-01-04 05:00:00,10.039999961853027,10.039999961853027,10.039999961853027,10.039999961853027
1397,2018-01-05 05:00:00,10.039999961853027,10.039999961853027,10.039999961853027,10.039999961853027
1398,2018-01-08 05:00:00,10.039999961853027,10.039999961853027,10.039999961853027,10.039999961853027
1399,2018-01-09 05:00:00,10.039999961853027,10.039999961853027,10.039999961853027,10.039999961853027
1400,2018-01-10 05:00:00,10.039999961853027,10.039999961853027,10.039999961853027,10.039999961853027
1401,2018-01-11 05:00:00,10.039999961853027,10.039999961853027,10.039999961853027,10.039999961853027
1402,2018-01-12 05:00:00,10.039999961853027,10.039999961853027,10.039999961853027,10.039999961853027
1403,2018-01-16 05:00:00,10.039999961853027,10.039999961853027,10.039999961853027,10.039999961853027
1404,2018-01-17 05:00:00,10.039999961853027,10.039999961853027,10.039999961853027,10.039999961853027
1405,2018-01-18 05:00:00,10.039999961853027,10.039999961853027,10.039999961853027,10.039999961853027
1406,2018-01-19 05:00:00,10.039999961853027,10.039999961853027,10.039999961853027,10.039999961853027
1407,2018-01-22 05:00:00,10.039999961853027,10.039999961853027,10.039999961853027,10.039999961853027
1408,2018-01-23 05:00:00,10.039999961853027,10.039999961853027,10.039999961853027,10.039999961853027
1409,2018-01-24 05:00:00,10.039999961853027,10.039999961853027,10.039999961853027,10.039999961853027
1410,2018-01-25 05:00:00,10.039999961853027,10.039999961853027,10.039999961853027,10.039999961853027
1411,2018-01-26 05:00:00,10.039999961853027,10.039999961853027,10.039999961853027,10.039999961853027
1412,2018-01-29 05:00:00,10.039999961853027,10.039999961853027,10.039999961853027,10.039999961853027
1413,2018-01-30 05:00:00,10.039999961853027,10.039999961853027,10.039999961853027,10.039999961853027
1414,2018-01-31 05:00:00,10.039999961853027,10.039999961853027,10.039999961853027,10.039999961853027
1415,2018-02-01 05:00:00,10.039999961853027,10.039999961853027,10.039999961853027,10.039999961853027
1416,2018-02-02 05:00:00,10.039999961853027,10.039999961853027,10.039999961853027,10.039999961853027
1417,2018-02-05 05:00:00,10.039999961853027,10.039999961853027,10.039999961853027,10.039999961853027
1418,2018-02-06 05:00:00,10.039999961853027,10.039999961853027,10.039999961853027,10.039999961853027
1419,2018-02-07 05:00:00,10.039999961853027,10.039999961853027,10.039999961853027,10.039999961853027
1420,2018-02-08 05:00:00,10.039999961853027,10.039999961853027,10.039999961853027,10.039999961853027
1421,2018-02-09 05:00:00,10.039999961853027,10.039999961853027,10.039999961853027,10.039999961853027
1422,2018-02-12 05:00:00,10.039999961853027,10.039999961853027,10.039999961853027,10.039999961853027
1423,2018-02-13 05:00:00,10.039999961853027,10.039999961853027,10.039999961853027,10.039999961853027
1424,2018-02-14 05:00:00,10.039999961853027,10.039999961853027,10.039999961853027,10.039999961853027
1425,2018-02-15 05:00:00,10.039999961853027,10.039999961853027,10.039999961853027,10.039999961853027
1426,2018-02-16 05:00:00,10.039999961853027,10.039999961853027,10.039999961853027,10.039999961853027
1427,2018-02-20 05:00:00,10.039999961853027,10.039999961853027,10.039999961853027,10.039999961853027
1428,2018-02-21 05:00:00,10.039999961853027,10.039999961853027,10.039999961853027,10.039999961853027
1429,2018-02-22 05:00:00,10.039999961853027,10.039999961853027,10.039999961853027,10.039999961853027
1430,2018-02-23 05:00:00,10.039999961853027,10.039999961853027,10.039999961853027,10.039999961853027
1431,2018-02-26 05:00:00,10.039999961853027,10.039999961853027,10.039999961853027,10.039999961853027
1432,2018-02-27 05:00:00,10.039999961853027,10.039999961853027,10.039999961853027,10.039999961853027
1433,2018-02-28 05:00:00,10.039999961853027,10.039999961853027,10.039999961853027,10.039999961853027
1434,2018-03-01 05:00:00,10.039999961853027,10.039999961853027,10.039999961853027,10.039999961853027
1435,2018-03-02 05:00:00,10.039999961853027,10.039999961853027,10.039999961853027,10.039999961853027
1436,2018-03-05 05:00:00,10.039999961853027,10.039999961853027,10.039999961853027,10.039999961853027
1437,2018-03-06 05:00:00,10.039999961853027,10.039999961853027,10.039999961853027,10.039999961853027
1438,2018-03-07 05:00:00,10.039999961853027,10.039999961853027,10.039999961853027,10.039999961853027
1439,2018-03-08 05:00:00,10.039999961853027,10.039999961853027,10.039999961853027,10.039999961853027
1440,2018-03-09 05:00:00,10.039999961853027,10.039999961853027,10.039999961853027,10.039999961853027
1441,2018-03-12 04:00:00,10.039999961853027,10.039999961853027,10.039999961853027,10.039999961853027
1442,2018-03-13 04:00:00,10.039999961853027,10.039999961853027,10.039999961853027,10.039999961853027
1443,2018-03-14 04:00:00,10.039999961853027,10.039999961853027,10.039999961853027,10.039999961853027
1444,2018-03-15 04:00:00,10.039999961853027,10.039999961853027,10.039999961853027,10.039999961853027
1445,2018-03-16 04:00:00,10.039999961853027,10.039999961853027,10.039999961853027,10.039999961853027
1446,2018-03-19 04:00:00,10.039999961853027,10.039999961853027,10.039999961853027,10.039999961853027
1447,2018-03-20 04:00:00,10.039999961853027,10.039999961853027,10.039999961853027,10.039999961853027
1448,2018-03-21 04:00:00,10.039999961853027,10.039999961853027,10.039999961853027,10.039999961853027
1449,2018-03-22 04:00:00,10.039999961853027,10.039999961853027,10.039999961853027,10.039999961853027
1450,2018-03-23 04:00:00,10.039999961853027,10.039999961853027,10.039999961853027,10.039999961853027
1451,2018-03-26 04:00:00,10.039999961853027,10.039999961853027,10.039999961853027,10.039999961853027
1452,2018-03-27 04:00:00,10.039999961853027,10.039999961853027,10.039999961853027,10.039999961853027
1453,2018-03-28 04:00:00,10.039999961853027,10.039999961853027,10.039999961853027,10.039999961853027
1454,2018-03-29 04:00:00,10.039999961853027,10.039999961853027,10.039999961853027,10.039999961853027
1455,2018-04-02 04:00:00,10.039999961853027,10.039999961853027,10.039999961853027,10.039999961853027
1456,2018-04-03 04:00:00,10.039999961853027,10.039999961853027,10.039999961853027,10.039999961853027
1457,2018-04-04 04:00:00,10.039999961853027,10.039999961853027,10.039999961853027,10.039999961853027
1458,2018-04-05 04:00:00,10.039999961853027,10.039999961853027,10.039999961853027,10.039999961853027
1459,2018-04-06 04:00:00,10.039999961853027,10.039999961853027,10.039999961853027,10.039999961853027
1460,2018-04-09 04:00:00,10.039999961853027,10.039999961853027,10.039999961853027,10.039999961853027
1461,2018-04-10 04:00:00,10.039999961853027,10.039999961853027,10.039999961853027,10.039999961853027
1462,2018-04-11 04:00:00,10.039999961853027,10.039999961853027,10.039999961853027,10.039999961853027
1463,2018-04-12 04:00:00,10.039999961853027,10.039999961853027,10.039999961853027,10.039999961853027
1464,2018-04-13 04:00:00,10.039999961853027,10.039999961853027,10.039999961853027,10.039999961853027
1465,2018-04-16 04:00:00,10.039999961853027,10.039999961853027,10.039999961853027,10.039999961853027
1466,2018-04-17 04:00:00,10.039999961853027,10.039999961853027,10.039999961853027,10.039999961853027
1467,2018-04-18 04:00:00,10.039999961853027,10.039999961853027,10.039999961853027,10.039999961853027
1468,2018-04-19 04:00:00,10.039999961853027,10.039999961853027,10.039999961853027,10.039999961853027
1469,2018-04-20 04:00:00,10.039999961853027,10.039999961853027,10.039999961853027,10.039999961853027
1470,2018-04-23 04:00:00,10.039999961853027,10.039999961853027,10.039999961853027,10.039999961853027
1471,2018-04-24 04:00:00,10.039999961853027,10.039999961853027,10.039999961853027,10.039999961853027
1472,2018-04-25 04:00:00,10.039999961853027,10.039999961853027,10.039999961853027,10.039999961853027
1473,2018-04-26 04:00:00,10.039999961853027,10.039999961853027,10.039999961853027,10.039999961853027
1474,2018-04-27 04:00:00,10.039999961853027,10.039999961853027,10.039999961853027,10.039999961853027
1475,2018-04-30 04:00:00,10.039999961853027,10.039999961853027,10.039999961853027,10.039999961853027
1476,2018-05-01 04:00:00,10.039999961853027,10.039999961853027,10.039999961853027,10.039999961853027
1477,2018-05-02 04:00:00,10.039999961853027,10.039999961853027,10.039999961853027,10.039999961853027
1478,2018-05-03 04:00:00,10.039999961853027,10.039999961853027,10.039999961853027,10.039999961853027
1479,2018-05-04 04:00:00,10.039999961853027,10.039999961853027,10.039999961853027,10.039999961853027
1480,2018-05-07 04:00:00,10.039999961853027,10.039999961853027,10.039999961853027,10.039999961853027
1481,2018-05-08 04:00:00,10.039999961853027,10.039999961853027,10.039999961853027,10.039999961853027
1482,2018-05-09 04:00:00,10.039999961853027,10.039999961853027,10.039999961853027,10.039999961853027
1483,2018-05-10 04:00:00,10.039999961853027,10.039999961853027,10.039999961853027,10.039999961853027
1484,2018-05-11 04:00:00,10.039999961853027,10.039999961853027,10.039999961853027,10.039999961853027
1485,2018-05-14 04:00:00,10.039999961853027,10.039999961853027,10.039999961853027,10.039999961853027
1486,2018-05-15 04:00:00,10.039999961853027,10.039999961853027,10.039999961853027,10.039999961853027
1487,2018-05-16 04:00:00,10.039999961853027,10.039999961853027,10.039999961853027,10.039999961853027
1488,2018-05-17 04:00:00,10.039999961853027,10.039999961853027,10.039999961853027,10.039999961853027
1489,2018-05-18 04:00:00,10.039999961853027,10.039999961853027,10.039999961853027,10.039999961853027
1490,2018-05-21 04:00:00,10.039999961853027,10.039999961853027,10.039999961853027,10.039999961853027
1491,2018-05-22 04:00:00,10.039999961853027,10.039999961853027,10.039999961853027,10.039999961853027
1492,2018-05-23 04:00:00,10.039999961853027,10.039999961853027,10.039999961853027,10.039999961853027
1493,2018-05-24 04:00:00,10.039999961853027,10.039999961853027,10.039999961853027,10.039999961853027
1494,2018-05-25 04:00:00,10.039999961853027,10.039999961853027,10.039999961853027,10.039999961853027
1495,2018-05-29 04:00:00,10.039999961853027,10.039999961853027,10.039999961853027,10.039999961853027
1496,2018-05-30 04:00:00,10.039999961853027,10.039999961853027,10.039999961853027,10.039999961853027
1497,2018-05-31 04:00:00,10.039999961853027,10.039999961853027,10.039999961853027,10.039999961853027
1498,2018-06-01 04:00:00,10.039999961853027,10.039999961853027,10.039999961853027,10.039999961853027
1499,2018-06-04 04:00:00,10.039999961853027,10.039999961853027,10.039999961853027,10.039999961853027
1500,2018-06-05 04:00:00,10.039999961853027,10.039999961853027,10.039999961853027,10.039999961853027
1501,2018-06-06 04:00:00,10.039999961853027,10.039999961853027,10.039999961853027,10.039999961853027
1502,2018-06-07 04:00:00,10.039999961853027,10.039999961853027,10.039999961853027,10.039999961853027
1503,2018-06-08 04:00:00,10.039999961853027,10.039999961853027,10.039999961853027,10.039999961853027
1504,2018-06-11 04:00:00,10.039999961853027,10.039999961853027,10.039999961853027,10.039999961853027
1505,2018-06-12 04:00:00,10.039999961853027,10.039999961853027,10.039999961853027,10.039999961853027
1506,2018-06-13 04:00:00,10.039999961853027,10.039999961853027,10.039999961853027,10.039999961853027
1507,2018-06-14 04:00:00,10.039999961853027,10.039999961853027,10.039999961853027,10.039999961853027
1508,2018-06-15 04:00:00,10.039999961853027,10.039999961853027,10.039999961853027,10.039999961853027
1509,2018-06-18 04:00:00,10.039999961853027,10.039999961853027,10.039999961853027,10.039999961853027
1510,2018-06-19 04:00:00,10.039999961853027,10.039999961853027,10.039999961853027,10.039999961853027
1511,2018-06-20 04:00:00,10.039999961853027,10.039999961853027,10.039999961853027,10.039999961853027
1512,2018-06-21 04:00:00,10.039999961853027,10.039999961853027,10.039999961853027,10.039999961853027
1513,2018-06-22 04:00:00,10.039999961853027,10.039999961853027,10.039999961853027,10.039999961853027
1514,2018-06-25 04:00:00,10.039999961853027,10.039999961853027,10.039999961853027,10.039999961853027
1515,2018-06-26 04:00:00,10.039999961853027,10.039999961853027,10.039999961853027,10.039999961853027
1516,2018-06-27 04:00:00,10.039999961853027,10.039999961853027,10.039999961853027,10.039999961853027
1517,2018-06-28 04:00:00,10.039999961853027,10.039999961853027,10.039999961853027,10.039999961853027
1518,2018-06-29 04:00:00,10.039999961853027,10.039999961853027,10.039999961853027,10.039999961853027
1519,2018-07-02 04:00:00,10.039999961853027,10.039999961853027,10.039999961853027,10.039999961853027
1520,2018-07-03 04:00:00,10.039999961853027,10.039999961853027,10.039999961853027,10.039999961853027
1521,2018-07-05 04:00:00,10.039999961853027,10.039999961853027,10.039999961853027,10.039999961853027
1522,2018-07-06 04:00:00,10.039999961853027,10.039999961853027,10.039999961853027,10.039999961853027
1523,2018-07-09 04:00:00,10.039999961853027,10.039999961853027,10.039999961853027,10.039999961853027
1524,2018-07-10 04:00:00,10.039999961853027,10.039999961853027,10.039999961853027,10.039999961853027
1525,2018-07-11 04:00:00,10.039999961853027,10.039999961853027,10.039999961853027,10.039999961853027
1526,2018-07-12 04:00:00,10.039999961853027,10.039999961853027,10.039999961853027,10.039999961853027
1527,2018-07-13 04:00:00,10.039999961853027,10.039999961853027,10.039999961853027,10.039999961853027
1528,2018-07-16 04:00:00,10.039999961853027,10.039999961853027,10.039999961853027,10.039999961853027
1529,2018-07-17 04:00:00,10.039999961853027,10.039999961853027,10.039999961853027,10.039999961853027
1530,2018-07-18 04:00:00,10.039999961853027,10.039999961853027,10.039999961853027,10.039999961853027
1531,2018-07-19 04:00:00,10.039999961853027,10.039999961853027,10.039999961853027,10.039999961853027
1532,2018-07-20 04:00:00,10.039999961853027,10.039999961853027,10.039999961853027,10.039999961853027
1533,2018-07-23 04:00:00,10.039999961853027,10.039999961853027,10.039999961853027,10.039999961853027
1534,2018-07-24 04:00:00,10.039999961853027,10.039999961853027,10.039999961853027,10.039999961853027
1535,2018-07-25 04:00:00,10.039999961853027,10.039999961853027,10.039999961853027,10.039999961853027
1536,2018-07-26 04:00:00,10.039999961853027,10.039999961853027,10.039999961853027,10.039999961853027
1537,2018-07-27 04:00:00,10.039999961853027,10.039999961853027,10.039999961853027,10.039999961853027
1538,2018-07-30 04:00:00,10.039999961853027,10.039999961853027,10.039999961853027,10.039999961853027
1539,2018-07-31 04:00:00,10.039999961853027,10.039999961853027,10.039999961853027,10.039999961853027
1540,2018-08-01 04:00:00,10.039999961853027,10.039999961853027,10.039999961853027,10.039999961853027
1541,2018-08-02 04:00:00,10.039999961853027,10.039999961853027,10.039999961853027,10.039999961853027
1542,2018-08-03 04:00:00,10.039999961853027,10.039999961853027,10.039999961853027,10.039999961853027
1543,2018-08-06 04:00:00,10.039999961853027,10.039999961853027,10.039999961853027,10.039999961853027
1544,2018-08-07 04:00:00,10.039999961853027,10.039999961853027,10.039999961853027,10.039999961853027
1545,2018-08-08 04:00:00,10.039999961853027,10.039999961853027,10.039999961853027,10.039999961853027
1546,2018-08-09 04:00:00,10.039999961853027,10.039999961853027,10.039999961853027,10.039999961853027
1547,2018-08-10 04:00:00,10.039999961853027,10.039999961853027,10.039999961853027,10.039999961853027
1548,2018-08-13 04:00:00,10.039999961853027,10.039999961853027,10.039999961853027,10.039999961853027
1549,2018-08-14 04:00:00,10.039999961853027,10.039999961853027,10.039999961853027,10.039999961853027
1550,2018-08-15 04:00:00,10.039999961853027,10.039999961853027,10.039999961853027,10.039999961853027
1551,2018-08-16 04:00:00,10.039999961853027,10.039999961853027,10.039999961853027,10.039999961853027
1552,2018-08-17 04:00:00,10.039999961853027,10.039999961853027,10.039999961853027,10.039999961853027
1553,2018-08-20 04:00:00,10.039999961853027,10.039999961853027,10.039999961853027,10.039999961853027
1554,2018-08-21 04:00:00,10.039999961853027,10.039999961853027,10.039999961853027,10.039999961853027
1555,2018-08-22 04:00:00,10.039999961853027,10.039999961853027,10.039999961853027,10.039999961853027
1556,2018-08-23 04:00:00,10.039999961853027,10.039999961853027,10.039999961853027,10.039999961853027
1557,2018-08-24 04:00:00,10.039999961853027,10.039999961853027,10.039999961853027,10.039999961853027
1558,2018-08-27 04:00:00,10.039999961853027,10.039999961853027,10.039999961853027,10.039999961853027
1559,2018-08-28 04:00:00,10.039999961853027,10.039999961853027,10.039999961853027,10.039999961853027
1560,2018-08-29 04:00:00,10.039999961853027,10.039999961853027,10.039999961853027,10.039999961853027
1561,2018-08-30 04:00:00,10.039999961853027,10.039999961853027,10.039999961853027,10.039999961853027
1562,2018-08-31 04:00:00,10.039999961853027,10.039999961853027,10.039999961853027,10.039999961853027
1563,2018-09-04 04:00:00,10.039999961853027,10.039999961853027,10.039999961853027,10.039999961853027
1564,2018-09-05 04:00:00,10.039999961853027,10.039999961853027,10.039999961853027,10.039999961853027
1565,2018-09-06 04:00:00,10.039999961853027,10.039999961853027,10.039999961853027,10.039999961853027
1566,2018-09-07 04:00:00,10.039999961853027,10.039999961853027,10.039999961853027,10.039999961853027
1567,2018-09-10 04:00:00,10.039999961853027,10.039999961853027,10.039999961853027,10.039999961853027
1568,2018-09-11 04:00:00,10.039999961853027,10.039999961853027,10.039999961853027,10.039999961853027
1569,2018-09-12 04:00:00,10.039999961853027,10.039999961853027,10.039999961853027,10.039999961853027
1570,2018-09-13 04:00:00,10.039999961853027,10.039999961853027,10.039999961853027,10.039999961853027
1571,2018-09-14 04:00:00,10.039999961853027,10.039999961853027,10.039999961853027,10.039999961853027
1572,2018-09-17 04:00:00,10.039999961853027,10.039999961853027,10.039999961853027,10.039999961853027
1573,2018-09-18 04:00:00,10.039999961853027,10.039999961853027,10.039999961853027,10.039999961853027
1574,2018-09-19 04:00:00,10.039999961853027,10.039999961853027,10.039999961853027,10.039999961853027
1575,2018-09-20 04:00:00,10.039999961853027,10.039999961853027,10.039999961853027,10.039999961853027
1576,2018-09-21 04:00:00,10.039999961853027,10.039999961853027,10.039999961853027,10.039999961853027
1577,2018-09-24 04:00:00,10.039999961853027,10.039999961853027,10.039999961853027,10.039999961853027
1578,2018-09-25 04:00:00,10.039999961853027,10.039999961853027,10.039999961853027,10.039999961853027
1579,2018-09-26 04:00:00,10.039999961853027,10.039999961853027,10.039999961853027,10.039999961853027
1580,2018-09-27 04:00:00,10.039999961853027,10.039999961853027,10.039999961853027,10.039999961853027
1581,2018-09-28 04:00:00,10.039999961853027,10.039999961853027,10.039999961853027,10.039999961853027
1582,2018-10-01 04:00:00,10.039999961853027,10.039999961853027,10.039999961853027,10.039999961853027
1583,2018-10-02 04:00:00,10.039999961853027,10.039999961853027,10.039999961853027,10.039999961853027
1584,2018-10-03 04:00:00,10.039999961853027,10.039999961853027,10.039999961853027,10.039999961853027
1585,2018-10-04 04:00:00,10.039999961853027,10.039999961853027,10.039999961853027,10.039999961853027
1586,2018-10-05 04:00:00,10.039999961853027,10.039999961853027,10.039999961853027,10.039999961853027
1587,2018-10-08 04:00:00,10.039999961853027,10.039999961853027,10.039999961853027,10.039999961853027
1588,2018-10-09 04:00:00,10.039999961853027,10.039999961853027,10.039999961853027,10.039999961853027
1589,2018-10-10 04:00:00,10.039999961853027,10.039999961853027,10.039999961853027,10.039999961853027
1590,2018-10-11 04:00:00,10.039999961853027,10.039999961853027,10.039999961853027,10.039999961853027
1591,2018-10-12 04:00:00,10.039999961853027,10.039999961853027,10.039999961853027,10.039999961853027
1592,2018-10-15 04:00:00,10.039999961853027,10.039999961853027,10.039999961853027,10.039999961853027
1593,2018-10-16 04:00:00,10.039999961853027,10.039999961853027,10.039999961853027,10.039999961853027
1594,2018-10-17 04:00:00,10.039999961853027,10.039999961853027,10.039999961853027,10.039999961853027
1595,2018-10-18 04:00:00,10.039999961853027,10.039999961853027,10.039999961853027,10.039999961853027
1596,2018-10-19 04:00:00,10.039999961853027,10.039999961853027,10.039999961853027,10.039999961853027
1597,2018-10-22 04:00:00,10.039999961853027,10.039999961853027,10.039999961853027,10.039999961853027
1598,2018-10-23 04:00:00,10.039999961853027,10.039999961853027,10.039999961853027,10.039999961853027
1599,2018-10-24 04:00:00,10.039999961853027,10.039999961853027,10.039999961853027,10.039999961853027
1600,2018-10-25 04:00:00,10.039999961853027,10.039999961853027,10.039999961853027,10.039999961853027
1601,2018-10-26 04:00:00,10.039999961853027,10.039999961853027,10.039999961853027,10.039999961853027
1602,2018-10-29 04:00:00,10.039999961853027,10.039999961853027,10.039999961853027,10.039999961853027
1603,2018-10-30 04:00:00,10.039999961853027,10.039999961853027,10.039999961853027,10.039999961853027
1604,2018-10-31 04:00:00,10.039999961853027,10.039999961853027,10.039999961853027,10.039999961853027
1605,2018-11-01 04:00:00,10.039999961853027,10.039999961853027,10.039999961853027,10.039999961853027
1606,2018-11-02 04:00:00,10.039999961853027,10.039999961853027,10.039999961853027,10.039999961853027
1607,2018-11-05 05:00:00,10.039999961853027,10.039999961853027,10.039999961853027,10.039999961853027
1608,2018-11-06 05:00:00,10.039999961853027,10.039999961853027,10.039999961853027,10.039999961853027
1609,2018-11-07 05:00:00,10.039999961853027,10.039999961853027,10.039999961853027,10.039999961853027
1610,2018-11-08 05:00:00,10.039999961853027,10.039999961853027,10.039999961853027,10.039999961853027
1611,2018-11-09 05:00:00,10.039999961853027,10.039999961853027,10.039999961853027,10.039999961853027
1612,2018-11-12 05:00:00,10.039999961853027,10.039999961853027,10.039999961853027,10.039999961853027
1613,2018-11-13 05:00:00,10.039999961853027,10.039999961853027,10.039999961853027,10.039999961853027
1614,2018-11-14 05:00:00,10.039999961853027,10.039999961853027,10.039999961853027,10.039999961853027
1615,2018-11-15 05:00:00,10.039999961853027,10.039999961853027,10.039999961853027,10.039999961853027
1616,2018-11-16 05:00:00,10.039999961853027,10.039999961853027,10.039999961853027,10.039999961853027
1617,2018-11-19 05:00:00,10.039999961853027,10.039999961853027,10.039999961853027,10.039999961853027
1618,2018-11-20 05:00:00,10.039999961853027,10.039999961853027,10.039999961853027,10.039999961853027
1619,2018-11-21 05:00:00,10.039999961853027,10.039999961853027,10.039999961853027,10.039999961853027
1620,2018-11-23 05:00:00,10.039999961853027,10.039999961853027,10.039999961853027,10.039999961853027
1621,2018-11-26 05:00:00,10.039999961853027,10.039999961853027,10.039999961853027,10.039999961853027
1622,2018-11-27 05:00:00,10.039999961853027,10.039999961853027,10.039999961853027,10.039999961853027
1623,2018-11-28 05:00:00,10.039999961853027,10.039999961853027,10.039999961853027,10.039999961853027
1624,2018-11-29 05:00:00,10.039999961853027,10.039999961853027,10.039999961853027,10.039999961853027
1625,2018-11-30 05:00:00,10.039999961853027,10.039999961853027,10.039999961853027,10.039999961853027
1626,2018-12-03 05:00:00,10.039999961853027,10.039999961853027,10.039999961853027,10.039999961853027
1627,2018-12-04 05:00:00,10.039999961853027,10.039999961853027,10.039999961853027,10.039999961853027
1628,2018-12-06 05:00:00,10.039999961853027,10.039999961853027,10.039999961853027,10.039999961853027
1629,2018-12-07 05:00:00,10.039999961853027,10.039999961853027,10.039999961853027,10.039999961853027
1630,2018-12-10 05:00:00,10.039999961853027,10.039999961853027,10.039999961853027,10.039999961853027
1631,2018-12-11 05:00:00,10.039999961853027,10.039999961853027,10.039999961853027,10.039999961853027
1632,2018-12-12 05:00:00,10.039999961853027,10.039999961853027,10.039999961853027,10.039999961853027
1633,2018-12-13 05:00:00,10.039999961853027,10.039999961853027,10.039999961853027,10.039999961853027
1634,2018-12-14 05:00:00,10.039999961853027,10.039999961853027,10.039999961853027,10.039999961853027
1635,2018-12-17 05:00:00,10.039999961853027,10.039999961853027,10.039999961853027,10.039999961853027
1636,2018-12-18 05:00:00,10.039999961853027,10.039999961853027,10.039999961853027,10.039999961853027
1637,2018-12-19 05:00:00,10.039999961853027,10.039999961853027,10.039999961853027,10.039999961853027
1638,2018-12-20 05:00:00,10.039999961853027,10.039999961853027,10.039999961853027,10.039999961853027
1639,2018-12-21 05:00:00,10.039999961853027,10.039999961853027,10.039999961853027,10.039999961853027
1640,2018-12-24 05:00:00,10.039999961853027,10.039999961853027,10.039999961853027,10.039999961853027
1641,2018-12-26 05:00:00,10.039999961853027,10.039999961853027,10.039999961853027,10.039999961853027
1642,2018-12-27 05:00:00,10.039999961853027,10.039999961853027,10.039999961853027,10.039999961853027
1643,2018-12-28 05:00:00,10.039999961853027,10.039999961853027,10.039999961853027,10.039999961853027
1644,2018-12-31 05:00:00,10.039999961853027,10.039999961853027,10.039999961853027,10.039999961853027
1645,2019-01-02 05:00:00,10.039999961853027,10.039999961853027,10.039999961853027,10.039999961853027
1646,2019-01-03 05:00:00,10.039999961853027,10.039999961853027,10.039999961853027,10.039999961853027
1647,2019-01-04 05:00:00,10.039999961853027,10.039999961853027,10.039999961853027,10.039999961853027
1648,2019-01-07 05:00:00,10.039999961853027,10.039999961853027,10.039999961853027,10.039999961853027
1649,2019-01-08 05:00:00,10.039999961853027,10.039999961853027,10.039999961853027,10.039999961853027
1650,2019-01-09 05:00:00,10.039999961853027,10.039999961853027,10.039999961853027,10.039999961853027
1651,2019-01-10 05:00:00,10.039999961853027,10.039999961853027,10.039999961853027,10.039999961853027
1652,2019-01-11 05:00:00,10.039999961853027,10.039999961853027,10.039999961853027,10.039999961853027
1653,2019-01-14 05:00:00,10.039999961853027,10.039999961853027,10.039999961853027,10.039999961853027
1654,2019-01-15 05:00:00,10.039999961853027,10.039999961853027,10.039999961853027,10.039999961853027
1655,2019-01-16 05:00:00,10.039999961853027,10.039999961853027,10.039999961853027,10.039999961853027
1656,2019-01-17 05:00:00,10.039999961853027,10.039999961853027,10.039999961853027,10.039999961853027
1657,2019-01-18 05:00:00,10.039999961853027,10.039999961853027,10.039999961853027,10.039999961853027
1658,2019-01-22 05:00:00,10.039999961853027,10.039999961853027,10.039999961853027,10.039999961853027
1659,2019-01-23 05:00:00,10.039999961853027,10.039999961853027,10.039999961853027,10.039999961853027
1660,2019-01-24 05:00:00,10.039999961853027,10.039999961853027,10.039999961853027,10.039999961853027
1661,2019-01-25 05:00:00,10.039999961853027,10.039999961853027,10.039999961853027,10.039999961853027
1662,2019-01-28 05:00:00,10.039999961853027,10.039999961853027,10.039999961853027,10.039999961853027
1663,2019-01-29 05:00:00,10.039999961853027,10.039999961853027,10.039999961853027,10.039999961853027
1664,2019-01-30 05:00:00,10.039999961853027,10.039999961853027,10.039999961853027,10.039999961853027
1665,2019-01-31 05:00:00,10.039999961853027,10.039999961853027,10.039999961853027,10.039999961853027
1666,2019-02-01 05:00:00,10.039999961853027,10.039999961853027,10.039999961853027,10.039999961853027
1667,2019-02-04 05:00:00,10.039999961853027,10.039999961853027,10.039999961853027,10.039999961853027
1668,2019-02-05 05:00:00,10.039999961853027,10.039999961853027,10.039999961853027,10.039999961853027
1669,2019-02-06 05:00:00,10.039999961853027,10.039999961853027,10.039999961853027,10.039999961853027
1670,2019-02-07 05:00:00,10.039999961853027,10.039999961853027,10.039999961853027,10.039999961853027
1671,2019-02-08 05:00:00,10.039999961853027,10.039999961853027,10.039999961853027,10.039999961853027
1672,2019-02-11 05:00:00,10.039999961853027,10.039999961853027,10.039999961853027,10.039999961853027
1673,2019-02-12 05:00:00,10.039999961853027,10.039999961853027,10.039999961853027,10.039999961853027
1674,2019-02-13 05:00:00,10.039999961853027,10.039999961853027,10.039999961853027,10.039999961853027
1675,2019-02-14 05:00:00,10.039999961853027,10.039999961853027,10.039999961853027,10.039999961853027
1676,2019-02-15 05:00:00,10.039999961853027,10.039999961853027,10.039999961853027,10.039999961853027
1677,2019-02-19 05:00:00,10.039999961853027,10.039999961853027,10.039999961853027,10.039999961853027
1678,2019-02-20 05:00:00,10.039999961853027,10.039999961853027,10.039999961853027,10.039999961853027
1679,2019-02-21 05:00:00,10.039999961853027,10.039999961853027,10.039999961853027,10.039999961853027
1680,2019-02-22 05:00:00,10.039999961853027,10.039999961853027,10.039999961853027,10.039999961853027
1681,2019-02-25 05:00:00,10.039999961853027,10.039999961853027,10.039999961853027,10.039999961853027
1682,2019-02-26 05:00:00,10.039999961853027,10.039999961853027,10.039999961853027,10.039999961853027
1683,2019-02-27 05:00:00,10.039999961853027,10.039999961853027,10.039999961853027,10.039999961853027
1684,2019-02-28 05:00:00,10.039999961853027,10.039999961853027,10.039999961853027,10.039999961853027
1685,2019-03-01 05:00:00,10.039999961853027,10.039999961853027,10.039999961853027,10.039999961853027
1686,2019-03-04 05:00:00,10.039999961853027,10.039999961853027,10.039999961853027,10.039999961853027
1687,2019-03-05 05:00:00,10.039999961853027,10.039999961853027,10.039999961853027,10.039999961853027
1688,2019-03-06 05:00:00,10.039999961853027,10.039999961853027,10.039999961853027,10.039999961853027
1689,2019-03-07 05:00:00,10.039999961853027,10.039999961853027,10.039999961853027,10.039999961853027
1690,2019-03-08 05:00:00,10.039999961853027,10.039999961853027,10.039999961853027,10.039999961853027
1691,2019-03-11 04:00:00,10.039999961853027,10.039999961853027,10.039999961853027,10.039999961853027
1692,2019-03-12 04:00:00,10.039999961853027,10.039999961853027,10.039999961853027,10.039999961853027
1693,2019-03-13 04:00:00,10.039999961853027,10.039999961853027,10.039999961853027,10.039999961853027
1694,2019-03-14 04:00:00,10.039999961853027,10.039999961853027,10.039999961853027,10.039999961853027
1695,2019-03-15 04:00:00,10.039999961853027,10.039999961853027,10.039999961853027,10.039999961853027
1696,2019-03-18 04:00:00,10.039999961853027,10.039999961853027,10.039999961853027,10.039999961853027
1697,2019-03-19 04:00:00,10.039999961853027,10.039999961853027,10.039999961853027,10.039999961853027
1698,2019-03-20 04:00:00,10.039999961853027,10.039999961853027,10.039999961853027,10.039999961853027
1699,2019-03-21 04:00:00,10.039999961853027,10.039999961853027,10.039999961853027,10.039999961853027
1700,2019-03-22 04:00:00,10.039999961853027,10.039999961853027,10.039999961853027,10.039999961853027
1701,2019-03-25 04:00:00,10.039999961853027,10.039999961853027,10.039999961853027,10.039999961853027
1702,2019-03-26 04:00:00,10.039999961853027,10.039999961853027,10.039999961853027,10.039999961853027
1703,2019-03-27 04:00:00,10.039999961853027,10.039999961853027,10.039999961853027,10.039999961853027
1704,2019-03-28 04:00:00,10.039999961853027,10.039999961853027,10.039999961853027,10.039999961853027
1705,2019-03-29 04:00:00,10.039999961853027,10.039999961853027,10.039999961853027,10.039999961853027
1706,2019-04-01 04:00:00,10.039999961853027,10.039999961853027,10.039999961853027,10.039999961853027
1707,2019-04-02 04:00:00,10.039999961853027,10.039999961853027,10.039999961853027,10.039999961853027
1708,2019-04-03 04:00:00,10.039999961853027,10.039999961853027,10.039999961853027,10.039999961853027
1709,2019-04-04 04:00:00,10.039999961853027,10.039999961853027,10.039999961853027,10.039999961853027
1710,2019-04-05 04:00:00,10.039999961853027,10.039999961853027,10.039999961853027,10.039999961853027
1711,2019-04-08 04:00:00,10.039999961853027,10.039999961853027,10.039999961853027,10.039999961853027
1712,2019-04-09 04:00:00,10.039999961853027,10.039999961853027,10.039999961853027,10.039999961853027
1713,2019-04-10 04:00:00,10.039999961853027,10.039999961853027,10.039999961853027,10.039999961853027
1714,2019-04-11 04:00:00,10.039999961853027,10.039999961853027,10.039999961853027,10.039999961853027
1715,2019-04-12 04:00:00,10.039999961853027,10.039999961853027,10.039999961853027,10.039999961853027
1716,2019-04-15 04:00:00,10.039999961853027,10.039999961853027,10.039999961853027,10.039999961853027
1717,2019-04-16 04:00:00,10.039999961853027,10.039999961853027,10.039999961853027,10.039999961853027
1718,2019-04-17 04:00:00,10.039999961853027,10.039999961853027,10.039999961853027,10.039999961853027
1719,2019-04-18 04:00:00,10.039999961853027,10.039999961853027,10.039999961853027,10.039999961853027
1720,2019-04-22 04:00:00,10.039999961853027,10.039999961853027,10.039999961853027,10.039999961853027
1721,2019-04-23 04:00:00,10.039999961853027,10.039999961853027,10.039999961853027,10.039999961853027
1722,2019-04-24 04:00:00,10.039999961853027,10.039999961853027,10.039999961853027,10.039999961853027
1723,2019-04-25 04:00:00,10.039999961853027,10.039999961853027,10.039999961853027,10.039999961853027
1724,2019-04-26 04:00:00,10.039999961853027,10.039999961853027,10.039999961853027,10.039999961853027
1725,2019-04-29 04:00:00,10.039999961853027,10.039999961853027,10.039999961853027,10.039999961853027
1726,2019-04-30 04:00:00,10.039999961853027,10.039999961853027,10.039999961853027,10.039999961853027
1727,2019-05-01 04:00:00,10.039999961853027,10.039999961853027,10.039999961853027,10.039999961853027
1728,2019-05-02 04:00:00,10.039999961853027,10.039999961853027,10.039999961853027,10.039999961853027
1729,2019-05-03 04:00:00,10.039999961853027,10.039999961853027,10.039999961853027,10.039999961853027
1730,2019-05-06 04:00:00,10.039999961853027,10.039999961853027,10.039999961853027,10.039999961853027
1731,2019-05-07 04:00:00,10.039999961853027,10.039999961853027,10.039999961853027,10.039999961853027
1732,2019-05-08 04:00:00,10.039999961853027,10.039999961853027,10.039999961853027,10.039999961853027
1733,2019-05-09 04:00:00,10.039999961853027,10.039999961853027,10.039999961853027,10.039999961853027
1734,2019-05-10 04:00:00,10.039999961853027,10.039999961853027,10.039999961853027,10.039999961853027
1735,2019-05-13 04:00:00,10.039999961853027,10.039999961853027,10.039999961853027,10.039999961853027
1736,2019-05-14 04:00:00,10.039999961853027,10.039999961853027,10.039999961853027,10.039999961853027
1737,2019-05-15 04:00:00,10.039999961853027,10.039999961853027,10.039999961853027,10.039999961853027
1738,2019-05-16 04:00:00,10.039999961853027,10.039999961853027,10.039999961853027,10.039999961853027
1739,2019-05-17 04:00:00,10.039999961853027,10.039999961853027,10.039999961853027,10.039999961853027
1740,2019-05-20 04:00:00,10.039999961853027,10.039999961853027,10.039999961853027,10.039999961853027
1741,2019-05-21 04:00:00,10.039999961853027,10.039999961853027,10.039999961853027,10.039999961853027
1742,2019-05-22 04:00:00,10.039999961853027,10.039999961853027,10.039999961853027,10.039999961853027
1743,2019-05-23 04:00:00,10.039999961853027,10.039999961853027,10.039999961853027,10.039999961853027
1744,2019-05-24 04:00:00,10.039999961853027,10.039999961853027,10.039999961853027,10.039999961853027
1745,2019-05-28 04:00:00,10.039999961853027,10.039999961853027,10.039999961853027,10.039999961853027
1746,2019-05-29 04:00:00,10.039999961853027,10.039999961853027,10.039999961853027,10.039999961853027
1747,2019-05-30 04:00:00,10.039999961853027,10.039999961853027,10.039999961853027,10.039999961853027
1748,2019-05-31 04:00:00,10.039999961853027,10.039999961853027,10.039999961853027,10.039999961853027
1749,2019-06-03 04:00:00,10.039999961853027,10.039999961853027,10.039999961853027,10.039999961853027
1750,2019-06-04 04:00:00,10.039999961853027,10.039999961853027,10.039999961853027,10.039999961853027
1751,2019-06-05 04:00:00,10.039999961853027,10.039999961853027,10.039999961853027,10.039999961853027
1752,2019-06-06 04:00:00,10.039999961853027,10.039999961853027,10.039999961853027,10.039999961853027
1753,2019-06-07 04:00:00,10.039999961853027,10.039999961853027,10.039999961853027,10.039999961853027
1754,2019-06-10 04:00:00,10.039999961853027,10.039999961853027,10.039999961853027,10.039999961853027
1755,2019-06-11 04:00:00,10.039999961853027,10.039999961853027,10.039999961853027,10.039999961853027
1756,2019-06-12 04:00:00,10.039999961853027,10.039999961853027,10.039999961853027,10.039999961853027
1757,2019-06-13 04:00:00,10.039999961853027,10.039999961853027,10.039999961853027,10.039999961853027
1758,2019-06-14 04:00:00,10.039999961853027,10.039999961853027,10.039999961853027,10.039999961853027
1759,2019-06-17 04:00:00,10.039999961853027,10.039999961853027,10.039999961853027,10.039999961853027
1760,2019-06-18 04:00:00,10.039999961853027,10.039999961853027,10.039999961853027,10.039999961853027
1761,2019-06-19 04:00:00,10.039999961853027,10.039999961853027,10.039999961853027,10.039999961853027
1762,2019-06-20 04:00:00,10.039999961853027,10.039999961853027,10.039999961853027,10.039999961853027
1763,2019-06-21 04:00:00,10.039999961853027,10.039999961853027,10.039999961853027,10.039999961853027
1764,2019-06-24 04:00:00,10.039999961853027,10.039999961853027,10.039999961853027,10.039999961853027
1765,2019-06-25 04:00:00,10.039999961853027,10.039999961853027,10.039999961853027,10.039999961853027
1766,2019-06-26 04:00:00,10.039999961853027,10.039999961853027,10.039999961853027,10.039999961853027
1767,2019-06-27 04:00:00,10.039999961853027,10.039999961853027,10.039999961853027,10.039999961853027
1768,2019-06-28 04:00:00,10.039999961853027,10.039999961853027,10.039999961853027,10.039999961853027
1769,2019-07-01 04:00:00,10.039999961853027,10.039999961853027,10.039999961853027,10.039999961853027
1770,2019-07-02 04:00:00,10.039999961853027,10.039999961853027,10.039999961853027,10.039999961853027
1771,2019-07-03 04:00:00,10.039999961853027,10.039999961853027,10.039999961853027,10.039999961853027
1772,2019-07-05 04:00:00,10.039999961853027,10.039999961853027,10.039999961853027,10.039999961853027
1773,2019-07-08 04:00:00,10.039999961853027,10.039999961853027,10.039999961853027,10.039999961853027
1774,2019-07-09 04:00:00,10.039999961853027,10.039999961853027,10.039999961853027,10.039999961853027
1775,2019-07-10 04:00:00,10.039999961853027,10.039999961853027,10.039999961853027,10.039999961853027
1776,2019-07-11 04:00:00,10.039999961853027,10.039999961853027,10.039999961853027,10.039999961853027
1777,2019-07-12 04:00:00,10.039999961853027,10.039999961853027,10.039999961853027,10.039999961853027
1778,2019-07-15 04:00:00,10.039999961853027,10.039999961853027,10.039999961853027,10.039999961853027
1779,2019-07-16 04:00:00,10.039999961853027,10.039999961853027,10.039999961853027,10.039999961853027
1780,2019-07-17 04:00:00,10.039999961853027,10.039999961853027,10.039999961853027,10.039999961853027
1781,2019-07-18 04:00:00,10.039999961853027,10.039999961853027,10.039999961853027,10.039999961853027
1782,2019-07-19 04:00:00,10.039999961853027,10.039999961853027,10.039999961853027,10.039999961853027
1783,2019-07-22 04:00:00,10.039999961853027,10.039999961853027,10.039999961853027,10.039999961853027
1784,2019-07-23 04:00:00,10.039999961853027,10.039999961853027,10.039999961853027,10.039999961853027
1785,2019-07-24 04:00:00,10.039999961853027,10.039999961853027,10.039999961853027,10.039999961853027
1786,2019-07-25 04:00:00,10.039999961853027,10.039999961853027,10.039999961853027,10.039999961853027
1787,2019-07-26 04:00:00,10.039999961853027,10.039999961853027,10.039999961853027,10.039999961853027
1788,2019-07-29 04:00:00,10.039999961853027,10.039999961853027,10.039999961853027,10.039999961853027
1789,2019-07-30 04:00:00,10.039999961853027,10.039999961853027,10.039999961853027,10.039999961853027
1790,2019-07-31 04:00:00,10.039999961853027,10.039999961853027,10.039999961853027,10.039999961853027
1791,2019-08-01 04:00:00,10.039999961853027,10.039999961853027,10.039999961853027,10.039999961853027
1792,2019-08-02 04:00:00,10.039999961853027,10.039999961853027,10.039999961853027,10.039999961853027
1793,2019-08-05 04:00:00,10.039999961853027,10.039999961853027,10.039999961853027,10.039999961853027
1794,2019-08-06 04:00:00,10.039999961853027,10.039999961853027,10.039999961853027,10.039999961853027
1795,2019-08-07 04:00:00,10.039999961853027,10.039999961853027,10.039999961853027,10.039999961853027
1796,2019-08-08 04:00:00,10.039999961853027,10.039999961853027,10.039999961853027,10.039999961853027
1797,2019-08-09 04:00:00,10.039999961853027,10.039999961853027,10.039999961853027,10.039999961853027
1798,2019-08-12 04:00:00,10.039999961853027,10.039999961853027,10.039999961853027,10.039999961853027
1799,2019-08-13 04:00:00,10.039999961853027,10.039999961853027,10.039999961853027,10.039999961853027
1800,2019-08-14 04:00:00,10.039999961853027,10.039999961853027,10.039999961853027,10.039999961853027
1801,2019-08-15 04:00:00,10.039999961853027,10.039999961853027,10.039999961853027,10.039999961853027
1802,2019-08-16 04:00:00,10.039999961853027,10.039999961853027,10.039999961853027,10.039999961853027
1803,2019-08-19 04:00:00,10.039999961853027,10.039999961853027,10.039999961853027,10.039999961853027
1804,2019-08-20 04:00:00,10.039999961853027,10.039999961853027,10.039999961853027,10.039999961853027
1805,2019-08-21 04:00:00,10.039999961853027,10.039999961853027,10.039999961853027,10.039999961853027
1806,2019-08-22 04:00:00,10.039999961853027,10.039999961853027,10.039999961853027,10.039999961853027
1807,2019-08-23 04:00:00,10.039999961853027,10.039999961853027,10.039999961853027,10.039999961853027
1808,2019-08-26 04:00:00,10.039999961853027,10.039999961853027,10.039999961853027,10.039999961853027
1809,2019-08-27 04:00:00,10.039999961853027,10.039999961853027,10.039999961853027,10.039999961853027
1810,2019-08-28 04:00:00,10.039999961853027,10.039999961853027,10.039999961853027,10.039999961853027
1811,2019-08-29 04:00:00,10.039999961853027,10.039999961853027,10.039999961853027,10.039999961853027
1812,2019-08-30 04:00:00,10.039999961853027,10.039999961853027,10.039999961853027,10.039999961853027
1813,2019-09-03 04:00:00,10.039999961853027,10.039999961853027,10.039999961853027,10.039999961853027
1814,2019-09-04 04:00:00,10.039999961853027,10.039999961853027,10.039999961853027,10.039999961853027
1815,2019-09-05 04:00:00,10.039999961853027,10.039999961853027,10.039999961853027,10.039999961853027
1816,2019-09-06 04:00:00,10.039999961853027,10.039999961853027,10.039999961853027,10.039999961853027
1817,2019-09-09 04:00:00,10.039999961853027,10.039999961853027,10.039999961853027,10.039999961853027
1818,2019-09-10 04:00:00,10.039999961853027,10.039999961853027,10.039999961853027,10.039999961853027
1819,2019-09-11 04:00:00,10.039999961853027,10.039999961853027,10.039999961853027,10.039999961853027
1820,2019-09-12 04:00:00,10.039999961853027,10.039999961853027,10.039999961853027,10.039999961853027
1821,2019-09-13 04:00:00,10.039999961853027,10.039999961853027,10.039999961853027,10.039999961853027
1822,2019-09-16 04:00:00,10.039999961853027,10.039999961853027,10.039999961853027,10.039999961853027
1823,2019-09-17 04:00:00,10.039999961853027,10.039999961853027,10.039999961853027,10.039999961853027
1824,2019-09-18 04:00:00,10.039999961853027,10.039999961853027,10.039999961853027,10.039999961853027
1825,2019-09-19 04:00:00,10.039999961853027,10.039999961853027,10.039999961853027,10.039999961853027
1826,2019-09-20 04:00:00,10.039999961853027,10.039999961853027,10.039999961853027,10.039999961853027
1827,2019-09-23 04:00:00,10.039999961853027,10.039999961853027,10.039999961853027,10.039999961853027
1828,2019-09-24 04:00:00,10.039999961853027,10.039999961853027,10.039999961853027,10.039999961853027
1829,2019-09-25 04:00:00,10.039999961853027,10.039999961853027,10.039999961853027,10.039999961853027
1830,2019-09-26 04:00:00,10.039999961853027,10.039999961853027,10.039999961853027,10.039999961853027
1831,2019-09-27 04:00:00,10.039999961853027,10.039999961853027,10.039999961853027,10.039999961853027
1832,2019-09-30 04:00:00,10.039999961853027,10.039999961853027,10.039999961853027,10.039999961853027
1833,2019-10-01 04:00:00,10.039999961853027,10.039999961853027,10.039999961853027,10.039999961853027
1834,2019-10-02 04:00:00,10.039999961853027,10.039999961853027,10.039999961853027,10.039999961853027
1835,2019-10-03 04:00:00,10.039999961853027,10.039999961853027,10.039999961853027,10.039999961853027
1836,2019-10-04 04:00:00,10.039999961853027,10.039999961853027,10.039999961853027,10.039999961853027
1837,2019-10-07 04:00:00,10.039999961853027,10.039999961853027,10.039999961853027,10.039999961853027
1838,2019-10-08 04:00:00,10.039999961853027,10.039999961853027,10.039999961853027,10.039999961853027
1839,2019-10-09 04:00:00,10.039999961853027,10.039999961853027,10.039999961853027,10.039999961853027
1840,2019-10-10 04:00:00,10.039999961853027,10.039999961853027,10.039999961853027,10.039999961853027
1841,2019-10-11 04:00:00,10.039999961853027,10.039999961853027,10.039999961853027,10.039999961853027
1842,2019-10-14 04:00:00,10.039999961853027,10.039999961853027,10.039999961853027,10.039999961853027
1843,2019-10-15 04:00:00,10.039999961853027,10.039999961853027,10.039999961853027,10.039999961853027
1844,2019-10-16 04:00:00,10.039999961853027,10.039999961853027,10.039999961853027,10.039999961853027
1845,2019-10-17 04:00:00,10.039999961853027,10.039999961853027,10.039999961853027,10.039999961853027
1846,2019-10-18 04:00:00,10.039999961853027,10.039999961853027,10.039999961853027,10.039999961853027
1847,2019-10-21 04:00:00,10.039999961853027,10.039999961853027,10.039999961853027,10.039999961853027
1848,2019-10-22 04:00:00,10.039999961853027,10.039999961853027,10.039999961853027,10.039999961853027
1849,2019-10-23 04:00:00,10.039999961853027,10.039999961853027,10.039999961853027,10.039999961853027
1850,2019-10-24 04:00:00,10.039999961853027,10.039999961853027,10.039999961853027,10.039999961853027
1851,2019-10-25 04:00:00,10.039999961853027,10.039999961853027,10.039999961853027,10.039999961853027
1852,2019-10-28 04:00:00,10.039999961853027,10.039999961853027,10.039999961853027,10.039999961853027
1853,2019-10-29 04:00:00,10.039999961853027,10.039999961853027,10.039999961853027,10.039999961853027
1854,2019-10-30 04:00:00,10.039999961853027,10.039999961853027,10.039999961853027,10.039999961853027
1855,2019-10-31 04:00:00,10.039999961853027,10.039999961853027,10.039999961853027,10.039999961853027
1856,2019-11-01 04:00:00,10.039999961853027,10.039999961853027,10.039999961853027,10.039999961853027
1857,2019-11-04 05:00:00,10.039999961853027,10.039999961853027,10.039999961853027,10.039999961853027
1858,2019-11-05 05:00:00,10.039999961853027,10.039999961853027,10.039999961853027,10.039999961853027
1859,2019-11-06 05:00:00,10.039999961853027,10.039999961853027,10.039999961853027,10.039999961853027
1860,2019-11-07 05:00:00,10.039999961853027,10.039999961853027,10.039999961853027,10.039999961853027
1861,2019-11-08 05:00:00,10.039999961853027,10.039999961853027,10.039999961853027,10.039999961853027
1862,2019-11-11 05:00:00,10.039999961853027,10.039999961853027,10.039999961853027,10.039999961853027
1863,2019-11-12 05:00:00,10.039999961853027,10.039999961853027,10.039999961853027,10.039999961853027
1864,2019-11-13 05:00:00,10.039999961853027,10.039999961853027,10.039999961853027,10.039999961853027
1865,2019-11-14 05:00:00,10.039999961853027,10.039999961853027,10.039999961853027,10.039999961853027
1866,2019-11-15 05:00:00,10.039999961853027,10.039999961853027,10.039999961853027,10.039999961853027
1867,2019-11-18 05:00:00,10.039999961853027,10.039999961853027,10.039999961853027,10.039999961853027
1868,2019-11-19 05:00:00,10.039999961853027,10.039999961853027,10.039999961853027,10.039999961853027
1869,2019-11-20 05:00:00,10.039999961853027,10.039999961853027,10.039999961853027,10.039999961853027
1870,2019-11-21 05:00:00,10.039999961853027,10.039999961853027,10.039999961853027,10.039999961853027
1871,2019-11-22 05:00:00,10.039999961853027,10.039999961853027,10.039999961853027,10.039999961853027
1872,2019-11-25 05:00:00,10.039999961853027,10.039999961853027,10.039999961853027,10.039999961853027
1873,2019-11-26 05:00:00,10.039999961853027,10.039999961853027,10.039999961853027,10.039999961853027
1874,2019-11-27 05:00:00,10.039999961853027,10.039999961853027,10.039999961853027,10.039999961853027
1875,2019-11-29 05:00:00,10.039999961853027,10.039999961853027,10.039999961853027,10.039999961853027
1876,2019-12-02 05:00:00,10.039999961853027,10.039999961853027,10.039999961853027,10.039999961853027
1877,2019-12-03 05:00:00,10.039999961853027,10.039999961853027,10.039999961853027,10.039999961853027
1878,2019-12-04 05:00:00,10.039999961853027,10.039999961853027,10.039999961853027,10.039999961853027
1879,2019-12-05 05:00:00,10.039999961853027,10.039999961853027,10.039999961853027,10.039999961853027
1880,2019-12-06 05:00:00,10.039999961853027,10.039999961853027,10.039999961853027,10.039999961853027
1881,2019-12-09 05:00:00,10.039999961853027,10.039999961853027,10.039999961853027,10.039999961853027
1882,2019-12-10 05:00:00,10.039999961853027,10.039999961853027,10.039999961853027,10.039999961853027
1883,2019-12-11 05:00:00,10.039999961853027,10.039999961853027,10.039999961853027,10.039999961853027
1884,2019-12-12 05:00:00,10.039999961853027,10.039999961853027,10.039999961853027,10.039999961853027
1885,2019-12-13 05:00:00,10.039999961853027,10.039999961853027,10.039999961853027,10.039999961853027
1886,2019-12-16 05:00:00,10.039999961853027,10.039999961853027,10.039999961853027,10.039999961853027
1887,2019-12-17 05:00:00,10.039999961853027,10.039999961853027,10.039999961853027,10.039999961853027
1888,2019-12-18 05:00:00,10.039999961853027,10.039999961853027,10.039999961853027,10.039999961853027
1889,2019-12-19 05:00:00,10.039999961853027,10.039999961853027,10.039999961853027,10.039999961853027
1890,2019-12-20 05:00:00,10.039999961853027,10.039999961853027,10.039999961853027,10.039999961853027
1891,2019-12-23 05:00:00,10.039999961853027,10.039999961853027,10.039999961853027,10.039999961853027
1892,2019-12-24 05:00:00,10.039999961853027,10.039999961853027,10.039999961853027,10.039999961853027
1893,2019-12-26 05:00:00,10.039999961853027,10.039999961853027,10.039999961853027,10.039999961853027
1894,2019-12-27 05:00:00,10.039999961853027,10.039999961853027,10.039999961853027,10.039999961853027
1895,2019-12-30 05:00:00,10.039999961853027,10.039999961853027,10.039999961853027,10.039999961853027
1896,2019-12-31 05:00:00,10.039999961853027,10.039999961853027,10.039999961853027,10.039999961853027
1897,2020-01-02 05:00:00,10.039999961853027,10.039999961853027,10.039999961853027,10.039999961853027
1898,2020-01-03 05:00:00,10.039999961853027,10.039999961853027,10.039999961853027,10.039999961853027
1899,2020-01-06 05:00:00,10.039999961853027,10.039999961853027,10.039999961853027,10.039999961853027
1900,2020-01-07 05:00:00,10.039999961853027,10.039999961853027,10.039999961853027,10.039999961853027
1901,2020-01-08 05:00:00,10.039999961853027,10.039999961853027,10.039999961853027,10.039999961853027
1902,2020-01-09 05:00:00,10.039999961853027,10.039999961853027,10.039999961853027,10.039999961853027
1903,2020-01-10 05:00:00,10.039999961853027,10.039999961853027,10.039999961853027,10.039999961853027
1904,2020-01-13 05:00:00,10.039999961853027,10.039999961853027,10.039999961853027,10.039999961853027
1905,2020-01-14 05:00:00,10.039999961853027,10.039999961853027,10.039999961853027,10.039999961853027
1906,2020-01-15 05:00:00,10.039999961853027,10.039999961853027,10.039999961853027,10.039999961853027
1907,2020-01-16 05:00:00,10.039999961853027,10.039999961853027,10.039999961853027,10.039999961853027
1908,2020-01-17 05:00:00,10.039999961853027,10.039999961853027,10.039999961853027,10.039999961853027
1909,2020-01-21 05:00:00,10.039999961853027,10.039999961853027,10.039999961853027,10.039999961853027
1910,2020-01-22 05:00:00,10.039999961853027,10.039999961853027,10.039999961853027,10.039999961853027
1911,2020-01-23 05:00:00,10.039999961853027,10.039999961853027,10.039999961853027,10.039999961853027
1912,2020-01-24 05:00:00,10.039999961853027,10.039999961853027,10.039999961853027,10.039999961853027
1913,2020-01-27 05:00:00,10.039999961853027,10.039999961853027,10.039999961853027,10.039999961853027
1914,2020-01-28 05:00:00,10.039999961853027,10.039999961853027,10.039999961853027,10.039999961853027
1915,2020-01-29 05:00:00,10.039999961853027,10.039999961853027,10.039999961853027,10.039999961853027
1916,2020-01-30 05:00:00,10.039999961853027,10.039999961853027,10.039999961853027,10.039999961853027
1917,2020-01-31 05:00:00,10.039999961853027,10.039999961853027,10.039999961853027,10.039999961853027
1918,2020-02-03 05:00:00,10.039999961853027,10.039999961853027,10.039999961853027,10.039999961853027
1919,2020-02-04 05:00:00,10.039999961853027,10.039999961853027,10.039999961853027,10.039999961853027
1920,2020-02-05 05:00:00,10.039999961853027,10.039999961853027,10.039999961853027,10.039999961853027
1921,2020-02-06 05:00:00,10.039999961853027,10.039999961853027,10.039999961853027,10.039999961853027
1922,2020-02-07 05:00:00,10.039999961853027,10.039999961853027,10.039999961853027,10.039999961853027
1923,2020-02-10 05:00:00,10.039999961853027,10.039999961853027,10.039999961853027,10.039999961853027
1924,2020-02-11 05:00:00,10.039999961853027,10.039999961853027,10.039999961853027,10.039999961853027
1925,2020-02-12 05:00:00,10.039999961853027,10.039999961853027,10.039999961853027,10.039999961853027
1926,2020-02-13 05:00:00,10.039999961853027,10.039999961853027,10.039999961853027,10.039999961853027
1927,2020-02-14 05:00:00,10.039999961853027,10.039999961853027,10.039999961853027,10.039999961853027
1928,2020-02-18 05:00:00,10.039999961853027,10.039999961853027,10.039999961853027,10.039999961853027
1929,2020-02-19 05:00:00,10.039999961853027,10.039999961853027,10.039999961853027,10.039999961853027
1930,2020-02-20 05:00:00,10.039999961853027,10.039999961853027,10.039999961853027,10.039999961853027
1931,2020-02-21 05:00:00,10.039999961853027,10.039999961853027,10.039999961853027,10.039999961853027
1932,2020-02-24 05:00:00,10.039999961853027,10.039999961853027,10.039999961853027,10.039999961853027
1933,2020-02-25 05:00:00,10.039999961853027,10.039999961853027,10.039999961853027,10.039999961853027
1934,2020-02-26 05:00:00,10.039999961853027,10.039999961853027,10.039999961853027,10.039999961853027
1935,2020-02-27 05:00:00,10.039999961853027,10.039999961853027,10.039999961853027,10.039999961853027
1936,2020-02-28 05:00:00,10.039999961853027,10.039999961853027,10.039999961853027,10.039999961853027
1937,2020-03-02 05:00:00,10.039999961853027,10.039999961853027,10.039999961853027,10.039999961853027
1938,2020-03-03 05:00:00,10.039999961853027,10.039999961853027,10.039999961853027,10.039999961853027
1939,2020-03-04 05:00:00,10.039999961853027,10.039999961853027,10.039999961853027,10.039999961853027
1940,2020-03-05 05:00:00,10.039999961853027,10.039999961853027,10.039999961853027,10.039999961853027
1941,2020-03-06 05:00:00,10.039999961853027,10.039999961853027,10.039999961853027,10.039999961853027
1942,2020-03-09 04:00:00,10.039999961853027,10.039999961853027,10.039999961853027,10.039999961853027
1943,2020-03-10 04:00:00,10.039999961853027,10.039999961853027,10.039999961853027,10.039999961853027
1944,2020-03-11 04:00:00,10.039999961853027,10.039999961853027,10.039999961853027,10.039999961853027
1945,2020-03-12 04:00:00,10.039999961853027,10.039999961853027,10.039999961853027,10.039999961853027
1946,2020-03-13 04:00:00,10.039999961853027,10.039999961853027,10.039999961853027,10.039999961853027
1947,2020-03-16 04:00:00,10.039999961853027,10.039999961853027,10.039999961853027,10.039999961853027
1948,2020-03-17 04:00:00,10.039999961853027,10.039999961853027,10.039999961853027,10.039999961853027
1949,2020-03-18 04:00:00,10.039999961853027,10.039999961853027,10.039999961853027,10.039999961853027
1950,2020-03-19 04:00:00,10.039999961853027,10.039999961853027,10.039999961853027,10.039999961853027
1951,2020-03-20 04:00:00,10.039999961853027,10.039999961853027,10.039999961853027,10.039999961853027
1952,2020-03-23 04:00:00,10.039999961853027,10.039999961853027,10.039999961853027,10.039999961853027
1953,2020-03-24 04:00:00,10.039999961853027,10.039999961853027,10.039999961853027,10.039999961853027
1954,2020-03-25 04:00:00,10.039999961853027,10.039999961853027,10.039999961853027,10.039999961853027
1955,2020-03-26 04:00:00,10.039999961853027,10.039999961853027,10.039999961853027,10.039999961853027
1956,2020-03-27 04:00:00,10.039999961853027,10.039999961853027,10.039999961853027,10.039999961853027
1957,2020-03-30 04:00:00,10.039999961853027,10.039999961853027,10.039999961853027,10.039999961853027
1958,2020-03-31 04:00:00,10.039999961853027,10.039999961853027,10.039999961853027,10.039999961853027
1959,2020-04-01 04:00:00,10.039999961853027,10.039999961853027,10.039999961853027,10.039999961853027
1960,2020-04-02 04:00:00,10.039999961853027,10.039999961853027,10.039999961853027,10.039999961853027
1961,2020-04-03 04:00:00,10.039999961853027,10.039999961853027,10.039999961853027,10.039999961853027
1962,2020-04-06 04:00:00,10.039999961853027,10.039999961853027,10.039999961853027,10.039999961853027
1963,2020-04-07 04:00:00,10.039999961853027,10.039999961853027,10.039999961853027,10.039999961853027
1964,2020-04-08 04:00:00,10.039999961853027,10.039999961853027,10.039999961853027,10.039999961853027
1965,2020-04-09 04:00:00,10.039999961853027,10.039999961853027,10.039999961853027,10.039999961853027
1966,2020-04-13 04:00:00,10.039999961853027,10.039999961853027,10.039999961853027,10.039999961853027
1967,2020-04-14 04:00:00,10.039999961853027,10.039999961853027,10.039999961853027,10.039999961853027
1968,2020-04-15 04:00:00,10.039999961853027,10.039999961853027,10.039999961853027,10.039999961853027
1969,2020-04-16 04:00:00,10.039999961853027,10.039999961853027,10.039999961853027,10.039999961853027
1970,2020-04-17 04:00:00,10.039999961853027,10.039999961853027,10.039999961853027,10.039999961853027
1971,2020-04-20 04:00:00,10.039999961853027,10.039999961853027,10.039999961853027,10.039999961853027
1972,2020-04-21 04:00:00,10.039999961853027,10.039999961853027,10.039999961853027,10.039999961853027
1973,2020-04-22 04:00:00,10.039999961853027,10.039999961853027,10.039999961853027,10.039999961853027
1974,2020-04-23 04:00:00,10.039999961853027,10.039999961853027,10.039999961853027,10.039999961853027
1975,2020-04-24 04:00:00,10.039999961853027,10.039999961853027,10.039999961853027,10.039999961853027
1976,2020-04-27 04:00:00,10.039999961853027,10.039999961853027,10.039999961853027,10.039999961853027
1977,2020-04-28 04:00:00,10.039999961853027,10.039999961853027,10.039999961853027,10.039999961853027
1978,2020-04-29 04:00:00,10.039999961853027,10.039999961853027,10.039999961853027,10.039999961853027
1979,2020-04-30 04:00:00,10.039999961853027,10.039999961853027,10.039999961853027,10.039999961853027
1980,2020-05-01 04:00:00,10.039999961853027,10.039999961853027,10.039999961853027,10.039999961853027
1981,2020-05-04 04:00:00,10.039999961853027,10.039999961853027,10.039999961853027,10.039999961853027
1982,2020-05-05 04:00:00,10.039999961853027,10.039999961853027,10.039999961853027,10.039999961853027
1983,2020-05-06 04:00:00,10.039999961853027,10.039999961853027,10.039999961853027,10.039999961853027
1984,2020-05-07 04:00:00,10.039999961853027,10.039999961853027,10.039999961853027,10.039999961853027
1985,2020-05-08 04:00:00,10.039999961853027,10.039999961853027,10.039999961853027,10.039999961853027
1986,2020-05-11 04:00:00,10.039999961853027,10.039999961853027,10.039999961853027,10.039999961853027
1987,2020-05-12 04:00:00,10.039999961853027,10.039999961853027,10.039999961853027,10.039999961853027
1988,2020-05-13 04:00:00,10.039999961853027,10.039999961853027,10.039999961853027,10.039999961853027
1989,2020-05-14 04:00:00,10.039999961853027,10.039999961853027,10.039999961853027,10.039999961853027
1990,2020-05-15 04:00:00,10.039999961853027,10.039999961853027,10.039999961853027,10.039999961853027
1991,2020-05-18 04:00:00,10.039999961853027,10.039999961853027,10.039999961853027,10.039999961853027
1992,2020-05-19 04:00:00,10.039999961853027,10.039999961853027,10.039999961853027,10.039999961853027
1993,2020-05-20 04:00:00,10.039999961853027,10.039999961853027,10.039999961853027,10.039999961853027
1994,2020-05-21 04:00:00,10.039999961853027,10.039999961853027,10.039999961853027,10.039999961853027
1995,2020-05-22 04:00:00,10.039999961853027,10.039999961853027,10.039999961853027,10.039999961853027
1996,2020-05-26 04:00:00,10.039999961853027,10.039999961853027,10.039999961853027,10.039999961853027
1997,2020-05-27 04:00:00,10.039999961853027,10.039999961853027,10.039999961853027,10.039999961853027
1998,2020-05-28 04:00:00,10.039999961853027,10.039999961853027,10.039999961853027,10.039999961853027
1999,2020-05-29 04:00:00,10.039999961853027,10.039999961853027,10.039999961853027,10.039999961853027
2000,2020-06-01 04:00:00,10.039999961853027,10.039999961853027,10.039999961853027,10.039999961853027
2001,2020-06-02 04:00:00,10.039999961853027,10.039999961853027,10.039999961853027,10.039999961853027
2002,2020-06-03 04:00:00,10.039999961853027,10.039999961853027,10.039999961853027,10.039999961853027
2003,2020-06-04 04:00:00,10.039999961853027,10.039999961853027,10.039999961853027,10.039999961853027
2004,2020-06-05 04:00:00,10.039999961853027,10.039999961853027,10.039999961853027,10.039999961853027
2005,2020-06-08 04:00:00,10.039999961853027,10.039999961853027,10.039999961853027,10.039999961853027
2006,2020-06-09 04:00:00,10.039999961853027,10.039999961853027,10.039999961853027,10.039999961853027
2007,2020-06-10 04:00:00,10.039999961853027,10.039999961853027,10.039999961853027,10.039999961853027
2008,2020-06-11 04:00:00,10.039999961853027,10.039999961853027,10.039999961853027,10.039999961853027
2009,2020-06-12 04:00:00,10.039999961853027,10.039999961853027,10.039999961853027,10.039999961853027
2010,2020-06-15 04:00:00,10.039999961853027,10.039999961853027,10.039999961853027,10.039999961853027
2011,2020-06-16 04:00:00,10.039999961853027,10.039999961853027,10.039999961853027,10.039999961853027
2012,2020-06-17 04:00:00,10.039999961853027,10.039999961853027,10.039999961853027,10.039999961853027
2013,2020-06-18 04:00:00,10.039999961853027,10.039999961853027,10.039999961853027,10.039999961853027
2014,2020-06-19 04:00:00,10.039999961853027,10.039999961853027,10.039999961853027,10.039999961853027
2015,2020-06-22 04:00:00,10.039999961853027,10.039999961853027,10.039999961853027,10.039999961853027
2016,2020-06-23 04:00:00,10.039999961853027,10.039999961853027,10.039999961853027,10.039999961853027
2017,2020-06-24 04:00:00,10.039999961853027,10.039999961853027,10.039999961853027,10.039999961853027
2018,2020-06-25 04:00:00,10.039999961853027,10.039999961853027,10.039999961853027,10.039999961853027
2019,2020-06-26 04:00:00,10.039999961853027,10.039999961853027,10.039999961853027,10.039999961853027
2020,2020-06-29 04:00:00,10.039999961853027,10.039999961853027,10.039999961853027,10.039999961853027
2021,2020-06-30 04:00:00,10.039999961853027,10.039999961853027,10.039999961853027,10.039999961853027
2022,2020-07-01 04:00:00,10.039999961853027,10.039999961853027,10.039999961853027,10.039999961853027
2023,2020-07-02 04:00:00,10.039999961853027,10.039999961853027,10.039999961853027,10.039999961853027
2024,2020-07-06 04:00:00,10.039999961853027,10.039999961853027,10.039999961853027,10.039999961853027
2025,2020-07-07 04:00:00,10.039999961853027,10.039999961853027,10.039999961853027,10.039999961853027
2026,2020-07-08 04:00:00,10.039999961853027,10.039999961853027,10.039999961853027,10.039999961853027
2027,2020-07-09 04:00:00,10.039999961853027,10.039999961853027,10.039999961853027,10.039999961853027
2028,2020-07-10 04:00:00,10.039999961853027,10.039999961853027,10.039999961853027,10.039999961853027
2029,2020-07-13 04:00:00,10.039999961853027,10.039999961853027,10.039999961853027,10.039999961853027
2030,2020-07-14 04:00:00,10.039999961853027,10.039999961853027,10.039999961853027,10.039999961853027
2031,2020-07-15 04:00:00,10.039999961853027,10.039999961853027,10.039999961853027,10.039999961853027
2032,2020-07-16 04:00:00,10.039999961853027,10.039999961853027,10.039999961853027,10.039999961853027
2033,2020-07-17 04:00:00,10.039999961853027,10.039999961853027,10.039999961853027,10.039999961853027
2034,2020-07-20 04:00:00,10.039999961853027,10.039999961853027,10.039999961853027,10.039999961853027
2035,2020-07-21 04:00:00,10.039999961853027,10.039999961853027,10.039999961853027,10.039999961853027
2036,2020-07-22 04:00:00,10.039999961853027,10.039999961853027,10.039999961853027,10.039999961853027
2037,2020-07-23 04:00:00,10.039999961853027,10.039999961853027,10.039999961853027,10.039999961853027
2038,2020-07-24 04:00:00,10.039999961853027,10.039999961853027,10.039999961853027,10.039999961853027
2039,2020-07-27 04:00:00,10.039999961853027,10.039999961853027,10.039999961853027,10.039999961853027
2040,2020-07-28 04:00:00,10.039999961853027,10.039999961853027,10.039999961853027,10.039999961853027
2041,2020-07-29 04:00:00,10.039999961853027,10.039999961853027,10.039999961853027,10.039999961853027
2042,2020-07-30 04:00:00,10.039999961853027,10.039999961853027,10.039999961853027,10.039999961853027
2043,2020-07-31 04:00:00,10.039999961853027,10.039999961853027,10.039999961853027,10.039999961853027
2044,2020-08-03 04:00:00,10.039999961853027,10.039999961853027,10.039999961853027,10.039999961853027
2045,2020-08-04 04:00:00,10.039999961853027,10.039999961853027,10.039999961853027,10.039999961853027
2046,2020-08-05 04:00:00,10.039999961853027,10.039999961853027,10.039999961853027,10.039999961853027
2047,2020-08-06 04:00:00,10.039999961853027,10.039999961853027,10.039999961853027,10.039999961853027
2048,2020-08-07 04:00:00,10.039999961853027,10.039999961853027,10.039999961853027,10.039999961853027
2049,2020-08-10 04:00:00,10.039999961853027,10.039999961853027,10.039999961853027,10.039999961853027
2050,2020-08-11 04:00:00,10.039999961853027,10.039999961853027,10.039999961853027,10.039999961853027
2051,2020-08-12 04:00:00,10.039999961853027,10.039999961853027,10.039999961853027,10.039999961853027
2052,2020-08-13 04:00:00,10.039999961853027,10.039999961853027,10.039999961853027,10.039999961853027
2053,2020-08-14 04:00:00,10.039999961853027,10.039999961853027,10.039999961853027,10.039999961853027
2054,2020-08-17 04:00:00,10.039999961853027,10.039999961853027,10.039999961853027,10.039999961853027
2055,2020-08-18 04:00:00,10.039999961853027,10.039999961853027,10.039999961853027,10.039999961853027
2056,2020-08-19 04:00:00,10.039999961853027,10.039999961853027,10.039999961853027,10.039999961853027
2057,2020-08-20 04:00:00,10.039999961853027,10.039999961853027,10.039999961853027,10.039999961853027
2058,2020-08-21 04:00:00,10.039999961853027,10.039999961853027,10.039999961853027,10.039999961853027
2059,2020-08-24 04:00:00,10.039999961853027,10.039999961853027,10.039999961853027,10.039999961853027
2060,2020-08-25 04:00:00,10.039999961853027,10.039999961853027,10.039999961853027,10.039999961853027
2061,2020-08-26 04:00:00,10.039999961853027,10.039999961853027,10.039999961853027,10.039999961853027
2062,2020-08-27 04:00:00,10.039999961853027,10.039999961853027,10.039999961853027,10.039999961853027
2063,2020-08-28 04:00:00,10.039999961853027,10.039999961853027,10.039999961853027,10.039999961853027
2064,2020-08-31 04:00:00,10.039999961853027,10.039999961853027,10.039999961853027,10.039999961853027
2065,2020-09-01 04:00:00,10.039999961853027,10.039999961853027,10.039999961853027,10.039999961853027
2066,2020-09-02 04:00:00,10.039999961853027,10.039999961853027,10.039999961853027,10.039999961853027
2067,2020-09-03 04:00:00,10.039999961853027,10.039999961853027,10.039999961853027,10.039999961853027
2068,2020-09-04 04:00:00,10.039999961853027,10.039999961853027,10.039999961853027,10.039999961853027
2069,2020-09-08 04:00:00,10.039999961853027,10.039999961853027,10.039999961853027,10.039999961853027
2070,2020-09-09 04:00:00,10.039999961853027,10.039999961853027,10.039999961853027,10.039999961853027
2071,2020-09-10 04:00:00,10.039999961853027,10.039999961853027,10.039999961853027,10.039999961853027
2072,2020-09-11 04:00:00,10.039999961853027,10.039999961853027,10.039999961853027,10.039999961853027
2073,2020-09-14 04:00:00,10.039999961853027,10.039999961853027,10.039999961853027,10.039999961853027
2074,2020-09-15 04:00:00,10.039999961853027,10.039999961853027,10.039999961853027,10.039999961853027
2075,2020-09-16 04:00:00,10.039999961853027,10.039999961853027,10.039999961853027,10.039999961853027
2076,2020-09-17 04:00:00,10.039999961853027,10.039999961853027,10.039999961853027,10.039999961853027
2077,2020-09-18 04:00:00,10.039999961853027,10.039999961853027,10.039999961853027,10.039999961853027
2078,2020-09-21 04:00:00,10.039999961853027,10.039999961853027,10.039999961853027,10.039999961853027
2079,2020-09-22 04:00:00,10.039999961853027,10.039999961853027,10.039999961853027,10.039999961853027
2080,2020-09-23 04:00:00,10.039999961853027,10.039999961853027,10.039999961853027,10.039999961853027
2081,2020-09-24 04:00:00,10.039999961853027,10.039999961853027,10.039999961853027,10.039999961853027
2082,2020-09-25 04:00:00,10.039999961853027,10.039999961853027,10.039999961853027,10.039999961853027
2083,2020-09-28 04:00:00,10.039999961853027,10.039999961853027,10.039999961853027,10.039999961853027
2084,2020-09-29 04:00:00,10.039999961853027,10.039999961853027,10.039999961853027,10.039999961853027
2085,2020-09-30 04:00:00,10.039999961853027,10.039999961853027,10.039999961853027,10.039999961853027
2086,2020-10-01 04:00:00,10.039999961853027,10.039999961853027,10.039999961853027,10.039999961853027
2087,2020-10-02 04:00:00,10.039999961853027,10.039999961853027,10.039999961853027,10.039999961853027
2088,2020-10-05 04:00:00,10.039999961853027,10.039999961853027,10.039999961853027,10.039999961853027
2089,2020-10-06 04:00:00,10.039999961853027,10.039999961853027,10.039999961853027,10.039999961853027
2090,2020-10-07 04:00:00,10.039999961853027,10.039999961853027,10.039999961853027,10.039999961853027
2091,2020-10-08 04:00:00,10.039999961853027,10.039999961853027,10.039999961853027,10.039999961853027
2092,2020-10-09 04:00:00,10.039999961853027,10.039999961853027,10.039999961853027,10.039999961853027
2093,2020-10-12 04:00:00,10.039999961853027,10.039999961853027,10.039999961853027,10.039999961853027
2094,2020-10-13 04:00:00,10.039999961853027,10.039999961853027,10.039999961853027,10.039999961853027
2095,2020-10-14 04:00:00,10.039999961853027,10.039999961853027,10.039999961853027,10.039999961853027
2096,2020-10-15 04:00:00,10.039999961853027,10.039999961853027,10.039999961853027,10.039999961853027
2097,2020-10-16 04:00:00,10.039999961853027,10.039999961853027,10.039999961853027,10.039999961853027
2098,2020-10-19 04:00:00,10.039999961853027,10.039999961853027,10.039999961853027,10.039999961853027
2099,2020-10-20 04:00:00,10.039999961853027,10.039999961853027,10.039999961853027,10.039999961853027
2100,2020-10-21 04:00:00,10.039999961853027,10.039999961853027,10.039999961853027,10.039999961853027
2101,2020-10-22 04:00:00,10.039999961853027,10.039999961853027,10.039999961853027,10.039999961853027
2102,2020-10-23 04:00:00,10.039999961853027,10.039999961853027,10.039999961853027,10.039999961853027
2103,2020-10-26 04:00:00,10.039999961853027,10.039999961853027,10.039999961853027,10.039999961853027
2104,2020-10-27 04:00:00,10.039999961853027,10.039999961853027,10.039999961853027,10.039999961853027
2105,2020-10-28 04:00:00,10.039999961853027,10.039999961853027,10.039999961853027,10.039999961853027
2106,2020-10-29 04:00:00,10.039999961853027,10.039999961853027,10.039999961853027,10.039999961853027
2107,2020-10-30 04:00:00,10.039999961853027,10.039999961853027,10.039999961853027,10.039999961853027
2108,2020-11-02 05:00:00,10.039999961853027,10.039999961853027,10.039999961853027,10.039999961853027
2109,2020-11-03 05:00:00,10.039999961853027,10.039999961853027,10.039999961853027,10.039999961853027
2110,2020-11-04 05:00:00,10.039999961853027,10.039999961853027,10.039999961853027,10.039999961853027
2111,2020-11-05 05:00:00,10.039999961853027,10.039999961853027,10.039999961853027,10.039999961853027
2112,2020-11-06 05:00:00,10.039999961853027,10.039999961853027,10.039999961853027,10.039999961853027
2113,2020-11-09 05:00:00,10.039999961853027,10.039999961853027,10.039999961853027,10.039999961853027
2114,2020-11-10 05:00:00,10.039999961853027,10.039999961853027,10.039999961853027,10.039999961853027
2115,2020-11-11 05:00:00,10.039999961853027,10.039999961853027,10.039999961853027,10.039999961853027
2116,2020-11-12 05:00:00,10.039999961853027,10.039999961853027,10.039999961853027,10.039999961853027
2117,2020-11-13 05:00:00,10.039999961853027,10.039999961853027,10.039999961853027,10.039999961853027
2118,2020-11-16 05:00:00,10.039999961853027,10.039999961853027,10.039999961853027,10.039999961853027
2119,2020-11-17 05:00:00,10.039999961853027,10.039999961853027,10.039999961853027,10.039999961853027
2120,2020-11-18 05:00:00,10.039999961853027,10.039999961853027,10.039999961853027,10.039999961853027
2121,2020-11-19 05:00:00,10.039999961853027,10.039999961853027,10.039999961853027,10.039999961853027
2122,2020-11-20 05:00:00,10.039999961853027,10.039999961853027,10.039999961853027,10.039999961853027
2123,2020-11-23 05:00:00,10.039999961853027,10.039999961853027,10.039999961853027,10.039999961853027
2124,2020-11-24 05:00:00,10.039999961853027,10.039999961853027,10.039999961853027,10.039999961853027
2125,2020-11-25 05:00:00,10.039999961853027,10.039999961853027,10.039999961853027,10.039999961853027
2126,2020-11-27 05:00:00,10.039999961853027,10.039999961853027,10.039999961853027,10.039999961853027
2127,2020-11-30 05:00:00,10.039999961853027,10.039999961853027,10.039999961853027,10.039999961853027
2128,2020-12-01 05:00:00,10.039999961853027,10.039999961853027,10.039999961853027,10.039999961853027
2129,2020-12-02 05:00:00,10.039999961853027,10.039999961853027,10.039999961853027,10.039999961853027
2130,2020-12-03 05:00:00,10.039999961853027,10.039999961853027,10.039999961853027,10.039999961853027
2131,2020-12-04 05:00:00,10.039999961853027,10.039999961853027,10.039999961853027,10.039999961853027
2132,2020-12-07 05:00:00,10.039999961853027,10.039999961853027,10.039999961853027,10.039999961853027
2133,2020-12-08 05:00:00,10.039999961853027,10.039999961853027,10.039999961853027,10.039999961853027
2134,2020-12-09 05:00:00,10.039999961853027,10.039999961853027,10.039999961853027,10.039999961853027
2135,2020-12-10 05:00:00,10.039999961853027,10.039999961853027,10.039999961853027,10.039999961853027
2136,2020-12-11 05:00:00,10.039999961853027,10.039999961853027,10.039999961853027,10.039999961853027
2137,2020-12-14 05:00:00,10.039999961853027,10.039999961853027,10.039999961853027,10.039999961853027
2138,2020-12-15 05:00:00,10.039999961853027,10.039999961853027,10.039999961853027,10.039999961853027
2139,2020-12-16 05:00:00,10.039999961853027,10.039999961853027,10.039999961853027,10.039999961853027
2140,2020-12-17 05:00:00,10.039999961853027,10.039999961853027,10.039999961853027,10.039999961853027
2141,2020-12-18 05:00:00,10.039999961853027,10.039999961853027,10.039999961853027,10.039999961853027
2142,2020-12-21 05:00:00,10.039999961853027,10.039999961853027,10.039999961853027,10.039999961853027
2143,2020-12-22 05:00:00,10.039999961853027,10.039999961853027,10.039999961853027,10.039999961853027
2144,2020-12-23 05:00:00,10.039999961853027,10.039999961853027,10.039999961853027,10.039999961853027
2145,2020-12-24 05:00:00,10.039999961853027,10.039999961853027,10.039999961853027,10.039999961853027
2146,2020-12-28 05:00:00,10.039999961853027,10.039999961853027,10.039999961853027,10.039999961853027
2147,2020-12-29 05:00:00,10.039999961853027,10.039999961853027,10.039999961853027,10.039999961853027
2148,2020-12-30 05:00:00,10.039999961853027,10.039999961853027,10.039999961853027,10.039999961853027
2149,2020-12-31 05:00:00,10.039999961853027,10.039999961853027,10.039999961853027,10.039999961853027
2150,2021-01-04 05:00:00,10.039999961853027,10.039999961853027,10.039999961853027,10.039999961853027
2151,2021-01-05 05:00:00,10.039999961853027,10.039999961853027,10.039999961853027,10.039999961853027
2152,2021-01-06 05:00:00,10.039999961853027,10.039999961853027,10.039999961853027,10.039999961853027
2153,2021-01-07 05:00:00,10.039999961853027,10.039999961853027,10.039999961853027,10.039999961853027
2154,2021-01-08 05:00:00,10.039999961853027,10.039999961853027,10.039999961853027,10.039999961853027
2155,2021-01-11 05:00:00,10.039999961853027,10.039999961853027,10.039999961853027,10.039999961853027
2156,2021-01-12 05:00:00,10.039999961853027,10.039999961853027,10.039999961853027,10.039999961853027
2157,2021-01-13 05:00:00,10.039999961853027,10.039999961853027,10.039999961853027,10.039999961853027
2158,2021-01-14 05:00:00,10.039999961853027,10.039999961853027,10.039999961853027,10.039999961853027
2159,2021-01-15 05:00:00,10.039999961853027,10.039999961853027,10.039999961853027,10.039999961853027
2160,2021-01-19 05:00:00,10.039999961853027,10.039999961853027,10.039999961853027,10.039999961853027
2161,2021-01-20 05:00:00,10.039999961853027,10.039999961853027,10.039999961853027,10.039999961853027
2162,2021-01-21 05:00:00,10.039999961853027,10.039999961853027,10.039999961853027,10.039999961853027
2163,2021-01-22 05:00:00,10.039999961853027,10.039999961853027,10.039999961853027,10.039999961853027
2164,2021-01-25 05:00:00,10.039999961853027,10.039999961853027,10.039999961853027,10.039999961853027
2165,2021-01-26 05:00:00,10.039999961853027,10.039999961853027,10.039999961853027,10.039999961853027
2166,2021-01-27 05:00:00,10.039999961853027,10.039999961853027,10.039999961853027,10.039999961853027
2167,2021-01-28 05:00:00,10.039999961853027,10.039999961853027,10.039999961853027,10.039999961853027
2168,2021-01-29 05:00:00,10.039999961853027,10.039999961853027,10.039999961853027,10.039999961853027
2169,2021-02-01 05:00:00,10.039999961853027,10.039999961853027,10.039999961853027,10.039999961853027
2170,2021-02-02 05:00:00,10.039999961853027,10.039999961853027,10.039999961853027,10.039999961853027
2171,2021-02-03 05:00:00,10.039999961853027,10.039999961853027,10.039999961853027,10.039999961853027
2172,2021-02-04 05:00:00,10.039999961853027,10.039999961853027,10.039999961853027,10.039999961853027
2173,2021-02-05 05:00:00,10.039999961853027,10.039999961853027,10.039999961853027,10.039999961853027
2174,2021-02-08 05:00:00,10.039999961853027,10.039999961853027,10.039999961853027,10.039999961853027
2175,2021-02-09 05:00:00,10.039999961853027,10.039999961853027,10.039999961853027,10.039999961853027
2176,2021-02-10 05:00:00,10.039999961853027,10.039999961853027,10.039999961853027,10.039999961853027
2177,2021-02-11 05:00:00,10.039999961853027,10.039999961853027,10.039999961853027,10.039999961853027
2178,2021-02-12 05:00:00,10.039999961853027,10.039999961853027,10.039999961853027,10.039999961853027
2179,2021-02-16 05:00:00,10.039999961853027,10.039999961853027,10.039999961853027,10.039999961853027
2180,2021-02-17 05:00:00,10.039999961853027,10.039999961853027,10.039999961853027,10.039999961853027
2181,2021-02-18 05:00:00,10.039999961853027,10.039999961853027,10.039999961853027,10.039999961853027
2182,2021-02-19 05:00:00,10.039999961853027,10.039999961853027,10.039999961853027,10.039999961853027
2183,2021-02-22 05:00:00,10.039999961853027,10.039999961853027,10.039999961853027,10.039999961853027
2184,2021-02-23 05:00:00,10.039999961853027,10.039999961853027,10.039999961853027,10.039999961853027
2185,2021-02-24 05:00:00,10.039999961853027,10.039999961853027,10.039999961853027,10.039999961853027
2186,2021-02-25 05:00:00,10.039999961853027,10.039999961853027,10.039999961853027,10.039999961853027
2187,2021-02-26 05:00:00,10.039999961853027,10.039999961853027,10.039999961853027,10.039999961853027
2188,2021-03-01 05:00:00,10.039999961853027,10.039999961853027,10.039999961853027,10.039999961853027
2189,2021-03-02 05:00:00,10.039999961853027,10.039999961853027,10.039999961853027,10.039999961853027
2190,2021-03-03 05:00:00,10.039999961853027,10.039999961853027,10.039999961853027,10.039999961853027
2191,2021-03-04 05:00:00,10.039999961853027,10.039999961853027,10.039999961853027,10.039999961853027
2192,2021-03-05 05:00:00,10.039999961853027,10.039999961853027,10.039999961853027,10.039999961853027
2193,2021-03-08 05:00:00,10.039999961853027,10.039999961853027,10.039999961853027,10.039999961853027
2194,2021-03-09 05:00:00,10.039999961853027,10.039999961853027,10.039999961853027,10.039999961853027
2195,2021-03-10 05:00:00,10.039999961853027,10.039999961853027,10.039999961853027,10.039999961853027
2196,2021-03-11 05:00:00,10.039999961853027,10.039999961853027,10.039999961853027,10.039999961853027
2197,2021-03-12 05:00:00,10.039999961853027,10.039999961853027,10.039999961853027,10.039999961853027
2198,2021-03-15 04:00:00,10.039999961853027,10.039999961853027,10.039999961853027,10.039999961853027
2199,2021-03-16 04:00:00,10.039999961853027,10.039999961853027,10.039999961853027,10.039999961853027
2200,2021-03-17 04:00:00,10.039999961853027,10.039999961853027,10.039999961853027,10.039999961853027
2201,2021-03-18 04:00:00,10.039999961853027,10.039999961853027,10.039999961853027,10.039999961853027
2202,2021-03-19 04:00:00,10.039999961853027,10.039999961853027,10.039999961853027,10.039999961853027
2203,2021-03-22 04:00:00,10.039999961853027,10.039999961853027,10.039999961853027,10.039999961853027
2204,2021-03-23 04:00:00,10.039999961853027,10.039999961853027,10.039999961853027,10.039999961853027
2205,2021-03-24 04:00:00,10.039999961853027,10.039999961853027,10.039999961853027,10.039999961853027
2206,2021-03-25 04:00:00,10.039999961853027,10.039999961853027,10.039999961853027,10.039999961853027
2207,2021-03-26 04:00:00,10.039999961853027,10.039999961853027,10.039999961853027,10.039999961853027
2208,2021-03-29 04:00:00,10.039999961853027,10.039999961853027,10.039999961853027,10.039999961853027
2209,2021-03-30 04:00:00,10.039999961853027,10.039999961853027,10.039999961853027,10.039999961853027
2210,2021-03-31 04:00:00,10.039999961853027,10.039999961853027,10.039999961853027,10.039999961853027
2211,2021-04-01 04:00:00,10.039999961853027,10.039999961853027,10.039999961853027,10.039999961853027
2212,2021-04-05 04:00:00,10.039999961853027,10.039999961853027,10.039999961853027,10.039999961853027
2213,2021-04-06 04:00:00,10.039999961853027,10.039999961853027,10.039999961853027,10.039999961853027
2214,2021-04-07 04:00:00,10.039999961853027,10.039999961853027,10.039999961853027,10.039999961853027
2215,2021-04-08 04:00:00,10.039999961853027,10.039999961853027,10.039999961853027,10.039999961853027
2216,2021-04-09 04:00:00,10.039999961853027,10.039999961853027,10.039999961853027,10.039999961853027
2217,2021-04-12 04:00:00,10.039999961853027,10.039999961853027,10.039999961853027,10.039999961853027
2218,2021-04-13 04:00:00,10.039999961853027,10.039999961853027,10.039999961853027,10.039999961853027
2219,2021-04-14 04:00:00,10.039999961853027,10.039999961853027,10.039999961853027,10.039999961853027
2220,2021-04-15 04:00:00,10.039999961853027,10.039999961853027,10.039999961853027,10.039999961853027
2221,2021-04-16 04:00:00,10.039999961853027,10.039999961853027,10.039999961853027,10.039999961853027
2222,2021-04-19 04:00:00,10.039999961853027,10.039999961853027,10.039999961853027,10.039999961853027
2223,2021-04-20 04:00:00,10.039999961853027,10.039999961853027,10.039999961853027,10.039999961853027
2224,2021-04-21 04:00:00,10.039999961853027,10.039999961853027,10.039999961853027,10.039999961853027
2225,2021-04-22 04:00:00,10.039999961853027,10.039999961853027,10.039999961853027,10.039999961853027
2226,2021-04-23 04:00:00,10.039999961853027,10.039999961853027,10.039999961853027,10.039999961853027
2227,2021-04-26 04:00:00,10.039999961853027,10.039999961853027,10.039999961853027,10.039999961853027
2228,2021-04-27 04:00:00,10.039999961853027,10.039999961853027,10.039999961853027,10.039999961853027
2229,2021-04-28 04:00:00,10.039999961853027,10.039999961853027,10.039999961853027,10.039999961853027
2230,2021-04-29 04:00:00,10.039999961853027,10.039999961853027,10.039999961853027,10.039999961853027
2231,2021-04-30 04:00:00,10.039999961853027,10.039999961853027,10.039999961853027,10.039999961853027
2232,2021-05-03 04:00:00,10.039999961853027,10.039999961853027,10.039999961853027,10.039999961853027
2233,2021-05-04 04:00:00,10.039999961853027,10.039999961853027,10.039999961853027,10.039999961853027
2234,2021-05-05 04:00:00,10.039999961853027,10.039999961853027,10.039999961853027,10.039999961853027
2235,2021-05-06 04:00:00,10.039999961853027,10.039999961853027,10.039999961853027,10.039999961853027
2236,2021-05-07 04:00:00,10.039999961853027,10.039999961853027,10.039999961853027,10.039999961853027
2237,2021-05-10 04:00:00,10.039999961853027,10.039999961853027,10.039999961853027,10.039999961853027
2238,2021-05-11 04:00:00,10.039999961853027,10.039999961853027,10.039999961853027,10.039999961853027
2239,2021-05-12 04:00:00,10.039999961853027,10.039999961853027,10.039999961853027,10.039999961853027
2240,2021-05-13 04:00:00,10.039999961853027,10.039999961853027,10.039999961853027,10.039999961853027
2241,2021-05-14 04:00:00,10.039999961853027,10.039999961853027,10.039999961853027,10.039999961853027
2242,2021-05-17 04:00:00,10.039999961853027,10.039999961853027,10.039999961853027,10.039999961853027
2243,2021-05-18 04:00:00,10.039999961853027,10.039999961853027,10.039999961853027,10.039999961853027
2244,2021-05-19 04:00:00,10.039999961853027,10.039999961853027,10.039999961853027,10.039999961853027
2245,2021-05-20 04:00:00,10.039999961853027,10.039999961853027,10.039999961853027,10.039999961853027
2246,2021-05-21 04:00:00,10.039999961853027,10.039999961853027,10.039999961853027,10.039999961853027
2247,2021-05-24 04:00:00,10.039999961853027,10.039999961853027,10.039999961853027,10.039999961853027
2248,2021-05-25 04:00:00,10.039999961853027,10.039999961853027,10.039999961853027,10.039999961853027
2249,2021-05-26 04:00:00,10.039999961853027,10.039999961853027,10.039999961853027,10.039999961853027
2250,2021-05-27 04:00:00,10.039999961853027,10.039999961853027,10.039999961853027,10.039999961853027
2251,2021-05-28 04:00:00,10.039999961853027,10.039999961853027,10.039999961853027,10.039999961853027
2252,2021-06-01 04:00:00,10.039999961853027,10.039999961853027,10.039999961853027,10.039999961853027
2253,2021-06-02 04:00:00,10.039999961853027,10.039999961853027,10.039999961853027,10.039999961853027
2254,2021-06-03 04:00:00,10.039999961853027,10.039999961853027,10.039999961853027,10.039999961853027
2255,2021-06-04 04:00:00,10.039999961853027,10.039999961853027,10.039999961853027,10.039999961853027
2256,2021-06-07 04:00:00,10.039999961853027,10.039999961853027,10.039999961853027,10.039999961853027
2257,2021-06-08 04:00:00,10.039999961853027,10.039999961853027,10.039999961853027,10.039999961853027
2258,2021-06-09 04:00:00,10.039999961853027,10.039999961853027,10.039999961853027,10.039999961853027
2259,2021-06-10 04:00:00,10.039999961853027,10.039999961853027,10.039999961853027,10.039999961853027
2260,2021-06-11 04:00:00,10.039999961853027,10.039999961853027,10.039999961853027,10.039999961853027
2261,2021-06-14 04:00:00,10.039999961853027,10.039999961853027,10.039999961853027,10.039999961853027
2262,2021-06-15 04:00:00,10.039999961853027,10.039999961853027,10.039999961853027,10.039999961853027
2263,2021-06-16 04:00:00,10.039999961853027,10.039999961853027,10.039999961853027,10.039999961853027
2264,2021-06-17 04:00:00,10.039999961853027,10.039999961853027,10.039999961853027,10.039999961853027
2265,2021-06-18 04:00:00,10.039999961853027,10.039999961853027,10.039999961853027,10.039999961853027
2266,2021-06-21 04:00:00,10.039999961853027,10.039999961853027,10.039999961853027,10.039999961853027
2267,2021-06-29 04:00:00,10.039999961853027,10.039999961853027,10.039999961853027,10.039999961853027
2268,2021-06-30 04:00:00,10.039999961853027,10.039999961853027,10.039999961853027,10.039999961853027
2269,2021-07-01 04:00:00,10.039999961853027,10.039999961853027,10.039999961853027,10.039999961853027
2270,2021-07-02 04:00:00,10.039999961853027,10.039999961853027,10.039999961853027,10.039999961853027
2271,2021-07-06 04:00:00,10.039999961853027,10.039999961853027,10.039999961853027,10.039999961853027
2272,2021-07-07 04:00:00,10.039999961853027,10.039999961853027,10.039999961853027,10.039999961853027
2273,2021-07-08 04:00:00,10.039999961853027,10.039999961853027,10.039999961853027,10.039999961853027
2274,2021-07-09 04:00:00,10.039999961853027,10.039999961853027,10.039999961853027,10.039999961853027
2275,2021-07-12 04:00:00,10.039999961853027,10.039999961853027,10.039999961853027,10.039999961853027
2276,2021-07-13 04:00:00,10.039999961853027,10.039999961853027,10.039999961853027,10.039999961853027
2277,2021-07-14 04:00:00,10.039999961853027,10.039999961853027,10.039999961853027,10.039999961853027
2278,2021-07-15 04:00:00,10.039999961853027,10.039999961853027,10.039999961853027,10.039999961853027
2279,2021-07-16 04:00:00,10.039999961853027,10.039999961853027,10.039999961853027,10.039999961853027
2280,2021-07-19 04:00:00,10.039999961853027,10.039999961853027,10.039999961853027,10.039999961853027
2281,2021-07-20 04:00:00,10.039999961853027,10.039999961853027,10.039999961853027,10.039999961853027
2282,2021-07-21 04:00:00,10.039999961853027,10.039999961853027,10.039999961853027,10.039999961853027
2283,2021-07-22 04:00:00,10.039999961853027,10.039999961853027,10.039999961853027,10.039999961853027
2284,2021-07-23 04:00:00,10.039999961853027,10.039999961853027,10.039999961853027,10.039999961853027
2285,2021-07-26 04:00:00,10.039999961853027,10.039999961853027,10.039999961853027,10.039999961853027
2286,2021-07-27 04:00:00,10.039999961853027,10.039999961853027,10.039999961853027,10.039999961853027
2287,2021-07-28 04:00:00,10.039999961853027,10.039999961853027,10.039999961853027,10.039999961853027
2288,2021-07-29 04:00:00,10.039999961853027,10.039999961853027,10.039999961853027,10.039999961853027
2289,2021-07-30 04:00:00,10.039999961853027,10.039999961853027,10.039999961853027,10.039999961853027
2290,2021-08-02 04:00:00,10.039999961853027,10.039999961853027,10.039999961853027,10.039999961853027
2291,2021-08-03 04:00:00,10.039999961853027,10.039999961853027,10.039999961853027,10.039999961853027
2292,2021-08-04 04:00:00,10.039999961853027,10.039999961853027,10.039999961853027,10.039999961853027
2293,2021-08-05 04:00:00,10.039999961853027,10.039999961853027,10.039999961853027,10.039999961853027
2294,2021-08-06 04:00:00,10.039999961853027,10.039999961853027,10.039999961853027,10.039999961853027
2295,2021-08-10 04:00:00,10.039999961853027,10.039999961853027,10.039999961853027,10.039999961853027
2296,2021-08-11 04:00:00,10.039999961853027,10.039999961853027,10.039999961853027,10.039999961853027
2297,2021-08-12 04:00:00,10.039999961853027,10.039999961853027,10.039999961853027,10.039999961853027
2298,2021-08-13 04:00:00,10.039999961853027,10.039999961853027,10.039999961853027,10.039999961853027
2299,2021-08-16 04:00:00,10.039999961853027,10.039999961853027,10.039999961853027,10.039999961853027
2300,2021-08-17 04:00:00,10.039999961853027,10.039999961853027,10.039999961853027,10.039999961853027
2301,2021-08-18 04:00:00,10.039999961853027,10.039999961853027,10.039999961853027,10.039999961853027
2302,2021-08-19 04:00:00,10.039999961853027,10.039999961853027,10.039999961853027,10.039999961853027
2303,2021-08-20 04:00:00,10.039999961853027,10.039999961853027,10.039999961853027,10.039999961853027
2304,2021-08-23 04:00:00,10.039999961853027,10.039999961853027,10.039999961853027,10.039999961853027
2305,2021-08-24 04:00:00,10.039999961853027,10.039999961853027,10.039999961853027,10.039999961853027
2306,2021-08-25 04:00:00,10.039999961853027,10.039999961853027,10.039999961853027,10.039999961853027
2307,2021-08-26 04:00:00,10.039999961853027,10.039999961853027,10.039999961853027,10.039999961853027
2308,2021-08-27 04:00:00,10.039999961853027,10.039999961853027,10.039999961853027,10.039999961853027
2309,2021-08-30 04:00:00,10.039999961853027,10.039999961853027,10.039999961853027,10.039999961853027
2310,2021-08-31 04:00:00,10.039999961853027,10.039999961853027,10.039999961853027,10.039999961853027
2311,2021-09-01 04:00:00,10.039999961853027,10.039999961853027,10.039999961853027,10.039999961853027
2312,2021-09-02 04:00:00,10.039999961853027,10.039999961853027,10.039999961853027,10.039999961853027
2313,2021-09-03 04:00:00,10.039999961853027,10.039999961853027,10.039999961853027,10.039999961853027
2314,2021-09-07 04:00:00,10.039999961853027,10.039999961853027,10.039999961853027,10.039999961853027
2315,2021-09-09 04:00:00,10.039999961853027,10.039999961853027,10.039999961853027,10.039999961853027
2316,2021-09-10 04:00:00,10.039999961853027,10.039999961853027,10.039999961853027,10.039999961853027
